#   r    ph     vph    
0  1   1.588
0.005  1.00830244222488     1.70749812950452
0.01  1.01699256375629     1.76655267478849
0.015  1.02594189552695     1.81266993474161
0.02  1.03510406624991     1.85213938329324
0.025  1.0444526235122     1.88741768115199
0.03  1.05397000581784     1.9197672953762
0.035  1.06364355217149     1.94993812331219
0.04  1.07346364412247     1.97841827266325
0.045  1.0834227054779     2.00554629673385
0.05  1.09351460912978     2.03156829424451
0.055  1.10373429995638     2.05666974076435
0.06  1.11407754210864     2.08099449992155
0.065  1.1245407424866     2.10465680751266
0.07  1.13512082323641     2.12774916184374
0.075  1.1458151270734     2.15034770838712
0.08  1.15662134532801     2.17251602671166
0.085  1.16753746216792     2.19430786288671
0.09  1.17856171061506     2.21576914505307
0.095  1.1896925373434     2.2369394991231
0.1  1.20092857413343     2.25785340804496
0.105  1.21226861445463     2.27854111186116
0.11  1.22371159405483     2.2990293159465
0.115  1.2352565747209     2.31934175505584
0.12  1.24690273057824     2.33949964744975
0.125  1.25864933644403     2.35952206414785
0.13  1.2704957578577     2.37942623188841
0.135  1.28244144249294     2.39922778375512
0.14  1.29448591271674     2.41894096808948
0.145  1.30662875910789     2.43857882385474
0.15  1.31886963478325     2.45815332879529
0.155  1.33120825040857     2.47767552536693
0.16  1.3436443697927     2.49715562837408
0.165  1.35617780598161     2.51660311745339
0.17  1.36880841778302     2.5360268169266
0.175  1.38153610666356     2.55543496506482
0.18  1.39436081396977     2.57483527442762
0.185  1.40728251843173     2.59423498464114
0.19  1.4203012339144     2.61364090873968
0.195  1.43341700738687     2.63305947400364
0.2  1.44662991708383     2.65249675807101
0.205  1.45994007083748     2.67195852097369
0.21  1.47334760456068     2.69145023364647
0.215  1.48685268086499     2.71097710337202
0.22  1.50045548779928     2.73054409655503
0.225  1.51415623769629     2.75015595916045
0.23  1.52795516611628     2.76981723510267
0.235  1.54185253087816     2.78953228283169
0.24  1.55584861116947     2.80930529032815
0.245  1.56994370672794     2.82914028869085
0.25  1.58413813708773     2.84904116447535
0.255  1.59843224088472     2.86901167092207
0.26  1.61282637521537     2.88905543819449
0.265  1.62732091504461     2.90917598273281
0.27  1.64191625265852     2.92937671581564
0.275  1.65661279715802     2.94966095141113
0.28  1.67141097399026     2.97003191338905
0.285  1.68631122451461     2.99049274215742
0.29  1.70131400560052     3.01104650077957
0.295  1.71641978925484     3.03169618062155
0.3  1.73162906227633     3.05244470657418
0.305  1.7469423259352     3.07329494188912
0.31  1.76236009567613     3.09424969266435
0.315  1.77788290084277     3.11531171201041
0.32  1.79351128442247     3.13648370392589
0.325  1.80924580280961     3.15776832690736
0.33  1.8250870255865     3.17916819731673
0.335  1.84103553532044     3.2006858925265
0.34  1.85709192737611     3.22232395386154
0.345  1.87325680974214     3.24408488935419
0.35  1.88953080287102     3.26597117632782
0.355  1.90591453953161     3.28798526382271
0.36  1.92240866467332     3.3101295748767
0.365  1.93901383530145     3.33240650867201
0.37  1.95573072036291     3.35481844255866
0.375  1.97256000064176     3.37736773396373
0.38  1.98950236866409     3.40005672219538
0.385  2.0065585286116     3.42288773014926
0.39  2.02372919624361     3.44586306592466
0.395  2.04101509882676     3.46898502435695
0.4  2.0584169750724     3.49225588847247
0.405  2.07593557508087     3.51567793087124
0.41  2.09357166029266     3.5392534150429
0.415  2.11132600344595     3.56298459662029
0.42  2.1291993885403     3.58687372457531
0.425  2.14719261080611     3.61092304236081
0.43  2.16530647667978     3.63513478900236
0.435  2.1835418037841     3.65951120014335
0.44  2.20189942091385     3.68405450904641
0.445  2.22038016802627     3.7087669475543
0.45  2.23898489623618     3.73365074701284
0.455  2.25771446781576     3.75870813915844
0.46  2.27656975619854     3.78394135697263
0.465  2.29555164598772     3.80935263550567
0.47  2.31466103296843     3.83494421267136
0.475  2.33389882412395     3.86071833001492
0.48  2.35326593765568     3.88667723345558
0.485  2.37276330300684     3.91282317400577
0.49  2.39239186088958     3.9391584084682
0.495  2.41215256331564     3.96568520011236
0.5  2.4320463736303     3.9924058193319
0.505  2.45207426654954     4.01932254428386
0.51  2.47223722820045     4.04643766151127
0.515  2.49253625616459     4.07375346654994
0.52  2.51297235952445     4.10127226452063
0.525  2.53354655891279     4.12899637070757
0.53  2.55425988656483     4.15692811112416
0.535  2.57511338637329     4.18506982306677
0.54  2.59610811394611     4.21342385565751
0.545  2.61724513666689     4.24199257037657
0.55  2.638525533758     4.27077834158507
0.555  2.6599503963462     4.29978355703887
0.56  2.68152082753087     4.32901061839418
0.565  2.70323794245476     4.35846194170549
0.57  2.72510286837716     4.38813995791639
0.575  2.74711674474953     4.41804711334386
0.58  2.76928072329359     4.44818587015649
0.585  2.79159596808165     4.47855870684728
0.59  2.81406365561947     4.50916811870121
0.595  2.83668497493131     4.54001661825837
0.6  2.85946112764733     4.57110673577273
0.605  2.88239332809329     4.60244101966726
0.61  2.9054828033825     4.63402203698554
0.615  2.92873079351002     4.66585237384039
0.62  2.9521385514491     4.69793463585978
0.625  2.97570734324984     4.73027144863042
0.63  2.99943844814009     4.76286545813931
0.635  3.02333315862849     4.79571933121354
0.64  3.04739278060977     4.82883575595872
0.645  3.07161863347221     4.86221744219624
0.65  3.09601205020729     4.89586712189967
0.655  3.12057437752151     4.92978754963052
0.66  3.14530697595043     4.96398150297374
0.665  3.17021121997479     4.99845178297304
0.67  3.19528849813894     5.03320121456635
0.675  3.22054021317132     5.06823264702167
0.68  3.24596778210722     5.10354895437352
0.685  3.27157263641367     5.13915303586006
0.69  3.29735622211653     5.17504781636143
0.695  3.32331999992977     5.21123624683905
0.7  3.34946544538698     5.24772130477654
0.705  3.37579404897502     5.2845059946221
0.71  3.40230731626998     5.32159334823268
0.715  3.42900676807527     5.3589864253202
0.72  3.45589394056205     5.39668831389977
0.725  3.48297038541179     5.43470213074036
0.73  3.51023766996117     5.47303102181785
0.735  3.53769737734924     5.51167816277078
0.74  3.56535110666685     5.55064675935887
0.745  3.59320047310838     5.58994004792459
0.75  3.62124710812579     5.62956129585775
0.755  3.64949265958501     5.66951380206346
0.76  3.67793879192467     5.70980089743349
0.765  3.7065871863172     5.75042594532123
0.77  3.73543954083227     5.79139234202037
0.775  3.76449757060273     5.83270351724751
0.78  3.79376300799288     5.87436293462871
0.785  3.82323760276921     5.91637409219033
0.79  3.85292312227366     5.95874052285413
0.795  3.88282135159927     6.0014657949368
0.8  3.91293409376839     6.04455351265412
0.805  3.94326316991347     6.08800731662994
0.81  3.97381041946029     6.13183088440987
0.815  4.00457770031388     6.17602793098017
0.82  4.03556688904702     6.22060220929171
0.825  4.06677988109129     6.26555751078921
0.83  4.09821859093093     6.31089766594598
0.835  4.12988495229923     6.3566265448042
0.84  4.16178091837778     6.40274805752092
0.845  4.19390846199831     6.44926615491991
0.85  4.22626957584749     6.49618482904953
0.855  4.25886627267433     6.54350811374668
0.86  4.2917005855006     6.59124008520705
0.865  4.32477456783397     6.63938486256179
0.87  4.35809029388417     6.68794660846073
0.875  4.39164985878197     6.73692952966223
0.88  4.42545537880124     6.78633787762996
0.885  4.45950899158389     6.8361759491366
0.89  4.49381285636796     6.88644808687464
0.895  4.52836915421872     6.9371586800745
0.9  4.56318008826286     6.98831216513003
0.905  4.59824788392589     7.03991302623153
0.91  4.63357478917266     7.09196579600656
0.915  4.66916307475117     7.14447505616854
0.92  4.70501503443955     7.19744543817334
0.925  4.74113298529646     7.25088162388408
0.93  4.77751926791471     7.30478834624421
0.935  4.81417624667839     7.35917038995905
0.94  4.8511063100233     7.41403259218595
0.945  4.88831187070097     7.46937984323326
0.95  4.92579536604616     7.52521708726818
0.955  4.96355925824781     7.58154932303376
0.96  5.00160603462382     7.63838160457515
0.965  5.03993820789928     7.69571904197526
0.97  5.07855831648849     7.75356680210005
0.975  5.11746892478074     7.81193010935357
0.98  5.15667262342986     7.87081424644293
0.985  5.19617202964765     7.93022455515341
0.99  5.23596978750114     7.99016643713378
0.995  5.2760685682139     8.05064535469224
1  5.31647107047131     8.11166683160285
1.005  5.35718002072986     8.17323645392289
1.01  5.39819817353059     8.23535987082118
1.015  5.43952831181673     8.29804279541765
1.02  5.48117324725551     8.36129100563431
1.025  5.52313582056428     8.42511034505777
1.03  5.565418901841     8.48950672381357
1.035  5.60802539089905     8.55448611945254
1.04  5.65095821760659     8.62005457784928
1.045  5.69422034223041     8.68621821411311
1.05  5.73781475578434     8.75298321351156
1.055  5.78174448038231     8.82035583240674
1.06  5.82601256959622     8.8883423992047
1.065  5.87062210881841     8.95694931531806
1.07  5.91557621562918     9.02618305614213
1.075  5.96087804016903     9.09605017204471
1.08  6.00653076551606     9.16655728936984
1.085  6.05253760806826     9.23771111145568
1.09  6.09890181793108     9.30951841966683
1.095  6.14562667931005     9.38198607444126
1.1  6.19271551090881     9.45512101635217
1.105  6.24017166633234     9.52893026718491
1.11  6.28799853449578     9.60342093102932
1.115  6.33619954003859     9.6786001953878
1.12  6.38477814374438     9.75447533229906
1.125  6.43373784296641     9.83105369947831
1.13  6.48308217205874     9.90834274147366
1.135  6.53281470281331     9.98634999083937
1.14  6.58293904490287     10.065083069326
1.145  6.63345884632988     10.1445496890879
1.15  6.68437779388157     10.2247576539083
1.155  6.7356996135911     10.305714860442
1.16  6.78742807120499     10.3874292994766
1.165  6.83956697265693     10.4699090572117
1.17  6.892120164548     10.5531623165575
1.175  6.94509153463343     10.6371973584518
1.18  6.99848501231607     10.7220225631969
1.185  7.05230456914641     10.8076464118159
1.19  7.10655421932966     10.8940774874291
1.195  7.16123802023962     10.9813244766511
1.2  7.21636007293955     11.0693961710081
1.205  7.27192452271034     11.1583014683766
1.21  7.32793555958577     11.2480493744437
1.215  7.3843974188952     11.3386490041885
1.22  7.44131438181371     11.4301095833866
1.225  7.4986907759198     11.5224404501362
1.23  7.55653097576079     11.6156510564077
1.235  7.61483940342606     11.7097509696164
1.24  7.67362052912813     11.8047498742188
1.245  7.73287887179184     11.9006575733332
1.25  7.79261899965168     11.9974839903846
1.255  7.85284553085742     12.0952391707744
1.26  7.91356313408813     12.1939332835757
1.265  7.9747765291747     12.2935766232543
1.27  8.03649048773114     12.3941796114156
1.275  8.09870983379456     12.4957527985785
1.28  8.16143944447419     12.598306865976
1.285  8.22468425060934     12.701852627384
1.29  8.28844923743673     12.8064010309771
1.295  8.35273944526705     12.9119631612139
1.3  8.41755997017108     13.0185502407507
1.305  8.48291596467538     13.1261736323849
1.31  8.54881263846787     13.2348448410282
1.315  8.61525525911327     13.3445755157103
1.32  8.68224915277868     13.4553774516141
1.325  8.74979970496935     13.5672625921416
1.33  8.81791236127499     13.6802430310128
1.335  8.88659262812648     13.7943310143964
1.34  8.95584607356345     13.9095389430743
1.345  9.0256783280127     14.0258793746398
1.35  9.09609508507771     14.1433650257297
1.355  9.16710210233942     14.2620087742922
1.36  9.23870520216839     14.3818236618896
1.365  9.31091027254858     14.5028228960373
1.37  9.38372326791298     14.6250198525803
1.375  9.45715020999106     14.7484280781063
1.38  9.53119718866856     14.8730612923971
1.385  9.60587036285951     14.9989333909192
1.39  9.68117596139081     15.1260584473537
1.395  9.75712028389963     15.2544507161659
1.4  9.83370970174368     15.3841246352162
1.405  9.91095065892469     15.5150948284124
1.41  9.98884967302519     15.6473761084046
1.415  10.067413336159     15.7809834793224
1.42  10.1466483159352     15.9159321395567
1.425  10.2265613564367     16.0522374845858
1.43  10.3071592792124     16.1899151098464
1.435  10.3884489842842     16.3289808136518
1.44  10.4704374511687     16.4694506001557
1.445  10.5531317399135     16.6113406823654
1.45  10.6365389921494     16.754667485202
1.455  10.7206664321572     16.8994476486117
1.46  10.8055213679506     17.0456980307263
1.465  10.891111192375     17.193435711076
1.47  10.9774433842228     17.3426779938532
1.475  11.0645255093641     17.4934424112312
1.48  11.1523652218956     17.6457467267353
1.485  11.2409702653052     17.7996089386701
1.49  11.3303484736547     17.9550472836026
1.495  11.4205077727797     18.1120802399023
1.5  11.5114561815072     18.2707265313394
1.505  11.6032018128918     18.4310051307426
1.51  11.6957528754702     18.5929352637167
1.515  11.7891176745337     18.7565364124215
1.52  11.883304613421     18.921828319414
1.525  11.9783221948295     19.0888309915531
1.53  12.0741790221463     19.2575647039697
1.535  12.1708838007999     19.4280500041029
1.54  12.2684453396313     19.6003077158026
1.545  12.3668725522863     19.7743589435016
1.55  12.4661744586292     19.9502250764563
1.555  12.566360186177     20.1279277930587
1.56  12.667438971556     20.3074890652213
1.565  12.76942016198     20.488931162834
1.57  12.8723132167518     20.6722766582979
1.575  12.9761277087866     20.8575484311335
1.58  13.0808733261592     21.0447696726681
1.585  13.1865598736745     21.2339638908013
1.59  13.2931972744624     21.4251549148519
1.595  13.4007955715971     21.6183669004867
1.6  13.5093649297404     21.8136243347324
1.605  13.618915636812     22.0109520410738
1.61  13.7294581056833     22.2103751846377
1.615  13.8410028758994     22.4119192774664
1.62  13.9535606154264     22.6156101838799
1.625  14.067142122426     22.8214741259313
1.63  14.1817583270581     23.0295376889551
1.635  14.2974202933106     23.2398278272104
1.64  14.4141392208583     23.4523718696221
1.645  14.5319264469503     23.66719752562
1.65  14.6507934483273     23.8843328910799
1.655  14.7707518431683     24.1038064543661
1.66  14.8918133930683     24.3256471024799
1.665  15.0139900050466     24.5498841273134
1.67  15.1372937335869     24.7765472320135
1.675  15.2617367827093     25.0056665374552
1.68  15.3873315080752     25.2372725888288
1.685  15.5140904191249     25.4713963623421
1.69  15.6420261812497     25.7080692720393
1.695  15.7711516179981     25.9473231767397
1.7  15.9014797133164     26.1891903870988
1.705  16.033023613826     26.4337036727928
1.71  16.1657966311359     26.6808962698297
1.715  16.299812244193     26.9308018879906
1.72  16.4350841016691     27.1834547184007
1.725  16.5716260243865     27.4388894412364
1.73  16.7094520077825     27.6971412335672
1.735  16.8485762244135     27.9582457773386
1.74  16.9890130264989     28.2222392674962
1.745  17.1307769485064     28.4891584202548
1.75  17.2738827097793     28.7590404815156
1.755  17.4183452172051     29.0319232354336
1.76  17.5641795679288     29.3078450131389
1.765  17.7114010521091     29.5868447016146
1.77  17.8600251557196     29.868961752734
1.775  18.0100675633963     30.1542361924616
1.78  18.1615441613302     30.442708630219
1.785  18.3144710402083     30.7344202684213
1.79  18.4688644982025     31.0294129121856
1.795  18.6247410440067     31.3277289792162
1.8  18.7821173999245     31.6294115098686
1.805  18.9410105050079     31.9345041773986
1.81  19.1014375182467     32.243051298396
1.815  19.2634158218115     32.5550978434113
1.82  19.4269630243497     32.8706894477756
1.825  19.5920969643367     33.1898724226194
1.83  19.7588357134817     33.5126937660943
1.835  19.9271975801914     33.8392011748002
1.84  20.0972011130899     34.1694430554248
1.845  20.2688651045989     34.5034685365966
1.85  20.4422085945763     34.8413274809588
1.855  20.6172508740166     35.1830704974656
1.86  20.7940114888128     35.5287489539082
1.865  20.9725102435822     35.8784149896734
1.87  21.1527672055555     36.2321215287396
1.875  21.3348027085326     36.5899222929169
1.88  21.5186373569045     36.9518718153331
1.885  21.7042920297434     37.3180254541745
1.89  21.8917878849622     37.6884394066833
1.895  22.0811463635448     38.0631707234188
1.9  22.2723891938477     38.4422773227881
1.905  22.4655383959762     38.8258180058498
1.91  22.6606162862335     39.2138524713996
1.915  22.8576454816478     39.60644133134
1.92  23.0566489045755     40.0036461263435
1.925  23.2576497873842     40.4055293418125
1.93  23.4606716772165     40.8121544241442
1.935  23.6657384408345     41.2235857973062
1.94  23.8728742695499     41.6398888797281
1.945  24.0821036842377     42.0611301015183
1.95  24.2934515404379     42.4873769220109
1.955  24.5069430335447     42.9186978476495
1.96  24.7226037040872     43.3551624502167
1.965  24.9404594431012     43.7968413854151
1.97  25.160536497595     44.2438064118082
1.975  25.3828614761109     44.6961304101281
1.98  25.607461354384     45.153887402958
1.985  25.834363481101     45.6171525747987
1.99  26.0635955837587     46.086002292525
1.995  26.295185774628     46.5605141262426
2  26.529162556821     47.0407668705529
2.005  26.765554830467     47.5268405662344
2.01  27.0043918989972     48.0188165223508
2.015  27.2457034755411     48.5167773387934
2.02  27.4895196894369     49.0208069292685
2.025  27.7358710928576     49.530990544739
2.03  27.984788667556     50.0474147973299
2.035  28.2363038317298     50.5701676847083
2.04  28.4904484470099     51.0993386149472
2.045  28.7472548255749     51.6350184318853
2.05  29.0067557373922     52.1772994409921
2.055  29.2689844175915     52.7262754357499
2.06  29.5339745739701     53.2820417245653
2.065  29.8017603946343     53.8446951582191
2.07  30.0723765557803     54.4143341578696
2.075  30.3458582296154     54.9910587436193
2.08  30.6222410924237     55.5749705636583
2.085  30.9015613327799     56.1661729239976
2.09  31.1838556599115     56.7647708188045
2.095  31.4691613122158     57.3708709613542
2.1  31.7575160659326     57.984581815611
2.105  32.0489582439757     58.6060136284539
2.11  32.3435267249285     59.2352784625598
2.115  32.6412609522044     59.8724902299601
2.12  32.9422009433775     60.5177647262855
2.125  33.2463872996856     61.1712196657147
2.13  33.5538612157105     61.8329747166423
2.135  33.8646644892373     62.5031515380836
2.14  34.1788395312989     63.1818738168305
2.145  34.4964293764071     63.8692673053792
2.15  34.8174776929757     64.5654598606432
2.155  35.142028793939     65.270581483473
2.16  35.4701276475702     65.9847643589991
2.165  35.8018198885031     66.7081428978171
2.17  36.1371518289622     67.4408537780358
2.175  36.4761704702052     68.1830359882061
2.18  36.8189235141819     68.9348308711523
2.185  37.1654593754151     69.6963821687271
2.19  37.5158271931072     70.4678360675097
2.195  37.8700768434778     71.2493412454713
2.2  38.2282589523368     72.0410489196289
2.205  38.5904249078988     72.8431128947109
2.21  38.9566268738427     73.655689612858
2.215  39.3269178026227     74.4789382043842
2.22  39.7013514490359     75.313020539622
2.225  40.0799823840515     76.1581012818776
2.23  40.4628660089077     77.0143479415223
2.235  40.8500585694822     77.8819309312469
2.24  41.2416171709411     78.761023622507
2.245  41.637599792674     79.6518024031857
2.25  42.0380653035194     80.5544467365053
2.255  42.443073477289     81.4691392212161
2.26  42.8526850085947     82.3960656530917
2.265  43.2669615289877     83.3354150877655
2.27  43.6859656234142     84.2873799049364
2.275  44.109760846996     85.2521558739795
2.28  44.5384117421425     86.2299422209943
2.285  44.9719838560017     87.2209416973261
2.29  45.4105437582571     88.2253606495937
2.295  45.8541590592791     89.2434090912641
2.3  46.3028984286375     90.2753007758072
2.305  46.7568316139843     91.3212532714719
2.31  47.2160294603138     92.3814880377223
2.315  47.68056392961     93.4562305033743
2.32  48.1505081208876     94.545710146474
2.325  48.625936290638     95.6501605759617
2.33  49.1069238736874     96.7698196151644
2.335  49.5935475044771     97.9049293871619
2.34  50.0858850387751     99.0557364020734
2.345  50.5840155758295     100.222491646312
2.35  51.0880194809726     101.405450673854
2.355  51.5979784086862     102.604873699578
2.36  52.1139753261398     103.82102569472
2.365  52.6360945372097     105.054176484495
2.37  53.1644217069936     106.304600847957
2.375  53.6990438868283     107.572578620122
2.38  54.2400495398247     108.858394796449
2.385  54.787528566931     110.162339639698
2.39  55.3415723335359     111.484708789263
2.395  55.9022736966247     112.825803373019
2.4  56.4697270325009     114.185930121745
2.405  57.0440282650867     115.565401486214
2.41  57.625274894815     116.964535756979
2.415  58.2135660281278     118.383657186967
2.42  58.8090024075939     119.823096116915
2.425  59.4116864426615     121.283189103744
2.43  60.0217222410593     122.764279051938
2.435  60.639215640863     124.266715348008
2.44  61.2642742432408     125.790853998123
2.445  61.897007445896     127.337057768974
2.45  62.5375264772208     128.905696331989
2.455  63.1859444311809     130.497146410942
2.46  63.8423763029455     132.111791933085
2.465  64.5069390252824     133.750024183866
2.47  65.1797515057359     135.412241965349
2.475  65.8609346646049     137.098851758408
2.48  66.5506114737431     138.810267888826
2.485  67.2489069961979     140.54691269737
2.49  67.9559484267107     142.309216713971
2.495  68.6718651330979     144.09761883611
2.5  69.3967886985341     145.912566511507
2.505  70.1308529647606     147.754515925264
2.51  70.8741940762393     149.623932191533
2.515  71.6269505252774     151.521289549878
2.52  72.3892631981452     153.447071566416
2.525  73.1612754222119     155.401771339896
2.53  73.9431330141231     157.38589171283
2.535  74.7349843290486     159.399945487823
2.54  75.5369803110228     161.444455649235
2.545  76.3492745444077     163.519955590329
2.55  77.172023306506     165.626989346043
2.555  78.0053856213509     167.766111831554
2.56  78.849523314704     169.937889086775
2.565  79.7046010702904     172.14289852696
2.57  80.570786487302     174.381729199585
2.575  81.4482501392012     176.654982047673
2.58  82.3371656338572     178.963270179734
2.585  83.2377096750485     181.307219146527
2.59  84.1500621253663     183.687467224802
2.595  85.0744060705545     186.104665708246
2.6  86.010927885322     188.559479205811
2.605  86.9598173006652     191.052585947642
2.61  87.9212674727395     193.584678098817
2.615  88.8954750533192     196.156462081115
2.62  89.8826402618855     198.768658903046
2.625  90.8829669593861     201.42200449836
2.63  91.8966627237088     204.117250073299
2.635  92.9239389269127     206.855162462816
2.64  93.965010814263     209.636524496035
2.645  95.0200975851169     212.462135371202
2.65  96.0894224757073     215.332811040415
2.655  97.1732128438753     218.249384604388
2.66  98.2717002558011     221.212706717565
2.665  99.3851205747872     224.223646003868
2.67  100.513714052146     227.28308948338
2.675  101.657725420249     230.391943010305
2.68  102.817403987795     233.551131722498
2.685  103.993003737351     236.761600502931
2.69  105.184783425236     240.024314453434
2.695  106.393006683803     243.34025938106
2.7  107.617942126176     246.710442297465
2.705  108.859863453533     250.135891931666
2.71  110.11904956497     253.61765925659
2.715  111.395784670043     257.156818029804
2.72  112.690358404042     260.754465348863
2.725  114.003065946088     264.4117222217
2.73  115.334208140107     268.129734152516
2.735  116.684091618785     271.909671743621
2.74  118.053028930561     275.752731313719
2.745  119.441338669763     279.660135533119
2.75  120.849345609955     283.633134076395
2.755  122.277380840594     287.673004293005
2.76  123.725781907084     291.781051896435
2.765  125.194892954326     295.958611672412
2.77  126.685064873853     300.207048206784
2.775  128.196655454652     304.527756633649
2.78  129.730029537786     308.922163404376
2.785  131.285559174903     313.39172707814
2.79  132.86362379076     317.937939134648
2.795  134.464610349863     322.562324809737
2.8  136.08891352734     327.266443954546
2.805  137.736935884174     332.051891919014
2.81  139.409088046913     336.920300460433
2.815  141.105788891984     341.873338677874
2.82  142.827465734744     346.912713973261
2.825  144.574554523407     352.040173039967
2.83  146.347500037981     357.257502879761
2.835  148.146756094357     362.566531849037
2.84  149.972785753712     367.969130735231
2.845  151.826061537361     373.467213864397
2.85  153.707065647228     379.062740240927
2.855  155.616290192102     384.757714720449
2.86  157.554237419831     390.554189216968
2.865  159.521419955644     396.454263945338
2.87  161.518361046778     402.460088700231
2.875  163.54559481358     408.57386417275
2.88  165.603666507299     414.797843305932
2.885  167.693132774744     421.134332690402
2.89  169.814561930029     427.585694001472
2.895  171.968534233602     434.154345479069
2.9  174.155642178783     440.842763451868
2.905  176.376490786035     447.653483907108
2.91  178.631697905202     454.589104107587
2.915  180.921894525939     461.652284257403
2.92  183.247725096612     468.845749218056
2.925  185.609847851885     476.172290276593
2.93  188.008935149296     483.634766967534
2.935  190.445673815067     491.236108950379
2.94  192.920765499447     498.979317944561
2.945  195.434927041871     506.867469723797
2.95  197.988890846243     514.903716171822
2.955  200.583405266652     523.091287401608
2.96  203.219235003841     531.433493940222
2.965  205.89716151277     539.933728981555
2.97  208.617983421612     548.595470709259
2.975  211.382516962538     557.422284692293
2.98  214.191596414665     566.41782635558
2.985  217.04607455955     575.585843528376
2.99  219.946823149612     584.930179073038
2.995  222.894733389913     594.454773596989
3  225.890716433697     604.16366825078
3.005  228.935703892144     614.061007615265
3.01  232.030648358783     624.151042681011
3.015  235.17652394903     634.438133923194
3.02  238.374326855348     644.926754475354
3.025  241.625075918521     655.621493405505
3.03  244.929813215567     666.52705909825
3.035  248.28960466483     677.648282746667
3.04  251.705540648808     688.990121957907
3.045  255.178736655297     700.557664476568
3.05  258.710333937444     712.356132030104
3.055  262.301500193343     724.390884300665
3.06  265.953430265801     736.667423027948
3.065  269.667346862958     749.191396247833
3.07  273.444501300432     761.968602671745
3.075  277.286174265724     775.004996211904
3.08  281.193676605616     788.306690657805
3.085  285.168350137334     801.87996450951
3.09  289.211568484266     815.731265973552
3.095  293.324737937083     829.86721812746
3.1  297.509298341096     844.294624259203
3.105  301.76672401076     859.020473388072
3.11  306.098524672237     874.051945973796
3.115  310.506246434983     889.396419820963
3.12  314.991472793347     905.061476186131
3.125  319.555825659219     921.054906095268
3.13  324.200966426799     937.384716879536
3.135  328.928597070592     954.059138937717
3.14  333.740461277795     971.086632733961
3.145  338.638345616258     988.475896039875
3.15  343.624080739281     1006.23587143036
3.155  348.699542628532     1024.37575404299
3.16  353.866653876419     1042.90499961118
3.165  359.127385009332     1061.83333278177
3.17  364.483755853183     1081.17075572808
3.175  369.937836942767     1100.92755707013
3.18  375.491750976491     1121.11432111399
3.185  381.147674318117     1141.74193742288
3.19  386.907838547192     1162.82161073323
3.195  392.774532059937     1184.36487122923
3.2  398.750101722415     1206.38358519039
3.205  404.836954577875     1228.88996602685
3.21  411.037559610262     1251.89658571815
3.215  417.354449565939     1275.41638667158
3.22  423.790222835762     1299.46269401725
3.225  430.347545399736     1324.04922835747
3.23  437.029152836574     1349.19011898908
3.235  443.837852400554     1374.89991761792
3.24  450.776525168209     1401.19361258582
3.245  457.84812825744     1428.0866436311
3.25  465.055697121789     1455.59491720473
3.255  472.402347922696     1483.7348223651
3.26  479.8912799827     1512.52324727569
3.265  487.525778322656     1541.9775963307
3.27  495.309216286171     1572.11580793506
3.275  503.2450582546     1602.95637296645
3.28  511.336862456081     1634.51835394809
3.285  519.588283872235     1666.82140496257
3.29  528.003077246317     1699.88579233819
3.295  536.585100196758     1733.73241614111
3.3  545.338316440211     1768.38283250759
3.305  554.266799128387     1803.85927685284
3.31  563.37473430317     1840.18468799431
3.315  572.666424474654     1877.38273322914
3.32  582.146292327002     1915.47783440749
3.325  591.818884557195     1954.49519504529
3.33  601.688875851981     1994.46082852219
3.335  611.761073008578     2035.40158741262
3.34  622.040419204897     2077.34519400015
3.345  632.531998425357     2120.32027202784
3.35  643.241040048581     2164.35637973987
3.355  654.172923603584     2209.48404427228
3.36  665.333183701348     2255.73479745373
3.365  676.727515148974     2303.14121307993
3.37  688.361778253964     2351.73694572881
3.375  700.242004326484     2401.55677118655
3.38  712.374401387867     2452.6366285584
3.385  724.76536009394     2505.01366414162
3.39  737.421459882206     2558.72627714205
3.395  750.349475352296     2613.81416731965
3.4  763.55638288956     2670.31838465293
3.405  777.049367542113     2728.28138111668
3.41  790.835830162149     2787.74706467217
3.415  804.92339482284     2848.76085557421
3.42  819.319916522663     2911.36974510474
3.425  834.033489189583     2975.62235684847
3.43  849.072453998077     3041.56901063185
3.435  864.445408012645     3109.26178925323
3.44  880.161213172076     3178.75460813875
3.445  896.229005629453     3250.10328806532
3.45  912.658205463585     3323.36563110008
3.455  929.458526778337     3398.60149991304
3.46  946.639988207119     3475.8729006286
3.465  964.212923840657     3555.24406938998
3.47  982.187994597059     3636.78156282039
3.475  1000.57620005411     3720.55435257464
3.48  1019.38889076479     3806.63392418512
3.485  1038.63778107794     3895.0943804178
3.49  1058.33496248723     3986.01254936514
3.495  1078.49291753273     4079.46809751581
3.5  1099.12453428042     4175.54364805399
3.505  1120.24312140671     4274.32490465557
3.51  1141.86242391581     4375.90078106297
3.515  1163.99663951985     4480.36353673658
3.52  1186.66043571275     4587.80891889749
3.525  1209.86896757063     4698.33631129391
3.53  1233.63789631319     4812.04889004277
3.535  1257.98340866249     4929.05378691811
3.54  1282.92223703713     5049.46226047913
3.545  1308.4716806221     5173.38987545363
3.55  1334.64962735675     5300.95669081657
3.555  1361.47457688532     5432.28745702929
3.56  1388.96566451714     5567.51182293206
3.565  1417.14268624598     5706.76455281185
3.57  1446.0261248808     5850.18575419796
3.575  1475.63717734295     5997.92111697118
3.58  1505.99778318787     6150.12216440694
3.585  1537.13065441257     6306.94651681064
3.59  1569.0593066136     6468.55816844245
3.595  1601.8080915636     6635.12777847198
3.6  1635.4022312787     6806.83297674771
3.605  1669.86785365266     6983.85868521459
3.61  1705.23202973826     7166.39745586455
3.615  1741.52281276082     7354.64982615927
3.62  1778.76927895373     7548.82469292335
3.625  1817.00157031072     7749.13970576826
3.63  1856.25093935552     7955.82168117433
3.635  1896.54979603482     8169.10703842915
3.64  1937.93175684718     8389.24225869729
3.645  1980.4316963266     8616.48436857734
3.65  2024.08580100681     8851.10144958965
3.655  2068.9316259997     9093.37317513152
3.66  2115.00815432901     9343.591376536
3.665  2162.35585916925     9602.06063997765
3.67  2211.01676914841     9869.09893608321
3.675  2261.03453688285     10145.0382842272
3.68  2312.45451092298     10430.2254536246
3.685  2365.32381129902     10725.0227034732
3.69  2419.69140886803     11029.80856455
3.695  2475.60820867572     11344.9786648276
3.7  2533.12713755963     11670.9466018511
3.705  2592.30323623478     12008.1448648035
3.71  2653.19375611757     12357.0258093881
3.715  2715.85826116039     12718.0626888712
3.72  2780.35873498614     13091.7507448644
3.725  2846.75969363083     13478.6083616708
3.73  2915.12830422187     13879.1782882914
3.735  2985.53450994103     14294.0289324773
3.74  3058.05116164366     14723.755731523
3.745  3132.75415653001     15168.9826048335
3.75  3209.7225842907     15630.3634936599
3.755  3289.03888117603     16108.5839937878
3.76  3370.78899246904     16604.3630873835
3.765  3455.06254387416     17118.4549806592
3.77  3541.9530223679     17651.6510545076
3.775  3631.55796709497     18204.7819357863
3.78  3723.97917093305     18778.7196975067
3.785  3819.32289339232     19374.3801968008
3.79  3917.70008556153     19992.725560209
3.795  4019.22662786221     20634.7668265587
3.8  4124.02358142574     21301.566758487
3.805  4232.21745396513     21994.2428345149
3.81  4343.94048107547     22713.9704344981
3.815  4459.3309239633     23461.9862322842
3.82  4578.53338467697     24239.5918104892
3.825  4701.69913998763     25048.1575134826
3.83  4828.98649515368     25889.1265559544
3.835  4960.56115889215     26764.0194058224
3.84  5096.59664097763     27674.4384617532
3.845  5237.27467399481     28622.0730472145
3.85  5382.78566088461     29608.7047447651
3.855  5533.32915004706     30636.2130962376
3.86  5689.11433989756     31706.5816965967
3.865  5850.36061491767     32821.9047115662
3.87  6017.29811539798     33984.3938516491
3.875  6190.16834324065     35196.3858379202
3.88  6369.22480637313     36460.3503979819
3.885  6554.73370452459     37778.8988337684
3.89  6746.97465933366     39154.7932064785
3.895  6946.24149199212     40590.9561878601
3.9  7152.84305188541     42090.4816313762
3.905  7367.10409997006     43656.645921512
3.91  7589.36625093206     45292.9201646546
3.915  7819.98897850072     47002.9832906657
3.92  8059.35068865338     48790.7361404954
3.925  8307.8498658398     50660.3166220425
3.93  8565.90629778366     52616.1160239916
3.935  8833.96238488794     54662.7965856413
3.94  9112.48454078235     56805.3104298541
3.945  9401.96469111121     59048.9199762999
3.95  9702.92187827269     61399.2199632363
3.955  10015.9039804906     63862.1612182762
3.96  10341.4895543354     66444.0763320762
3.965  10680.2898106151     69151.7074037713
3.97  11032.9507344434     71992.2360434451
3.975  11400.1553612585     74973.3158351439
3.98  11782.6262216363     78103.1074841208
3.985  12181.127968912     81390.3168943491
3.99  12596.4702049124     84844.2364471492
3.995  13029.5105205259     88474.7897792988
4  13481.1577693983     92292.5803895838
4.005  13952.3755947717     96308.9444367569
4.01  14444.1862313888     100536.008129722
4.015  14957.6746064904     104986.750152928
4.02  15493.9927662623     109675.069616964
4.025  16054.3646566626     114615.86007681
4.03  16640.0912904164     119825.090218789
4.035  17252.5563351228     125319.891882802
4.04  17893.2321609343     131118.656159715
4.045  18563.6863901593     137241.138385942
4.05  19265.5889954745     143708.57294934
4.055  20000.7199982504     150543.798923943
4.06  20770.9778238599     157771.397667197
4.065  21578.388376824     165417.843644082
4.07  22425.1149053201     173511.669889578
4.075  23313.4687320376     182083.649686867
4.08  24245.9209366992     191166.996225805
4.085  25225.1150848967     200797.582217686
4.09  26253.881108344     211014.181681553
4.095  27335.2504533776     221858.736388171
4.1  28472.4726276981     233376.649754939
4.105  29669.0332901516     245617.111333664
4.11  30928.674045009     258633.455429404
4.115  32255.4141209695     272483.557839589
4.12  33653.5741362959     287230.275216544
4.125  35127.802175407     302941.932142946
4.13  36683.1024293038     319692.861679744
4.135  38324.8666828402     337564.005912702
4.14  40058.9089665808     356643.58390202
4.145  41891.5037304219     377027.835447372
4.15  43829.4279409835     398821.850238761
4.155  45880.0075558201     422140.493296378
4.16  48051.1688856832     447109.439138789
4.165  50351.4954225078     473866.32889213
4.17  52790.2907867522     502562.066603363
4.175  55377.6485347126     533362.273395384
4.18  58124.5296661975     566448.920856566
4.185  61042.8487875533     602022.168258734
4.19  64145.5700168957     640302.431924291
4.195  67446.8138703743     681532.719409458
4.2  70961.97654374     725981.266248507
4.205  74707.8632063838     773944.51894796
4.21  78702.8371600716     825750.514891028
4.215  82966.9869874209     881762.718004978
4.22  87522.3141324002     942384.378690857
4.225  92392.9437247319     1008063.4978981
4.23  97605.3618915212     1079298.48868704
4.235  103188.683304101     1156644.64457445
4.24  109174.953299603     1240721.54290439
4.245  115599.489611614     1332221.53404356
4.25  122501.269562193     1431919.49411823
4.255  129923.369532621     1540684.05121002
4.26  137913.464671483     1659490.53354402
4.265  146524.398151524     1789435.93463222
4.27  155814.830894285     1931756.24630723
4.275  165849.984596588     2087846.57824183
4.28  176702.493180229     2259284.56456873
4.285  188453.380525478     2447857.6579285
4.29  201193.185638349     2655595.03286079
4.295  215023.260363018     2884804.96916909
4.3  230057.269535292     3138118.76836377
4.305  246422.929269333     3418542.48091955
4.31  264264.026113717     3729517.99954707
4.315  283742.768400518     4074995.41759971
4.32  305042.531615753     4459518.97957565
4.325  328371.072513353     4888329.48489886
4.33  353964.302577895     5367486.67580715
4.335  382090.731078895     5904015.98293588
4.34  413056.71233208     6506085.06722219
4.345  447212.662152652     7183216.9484936
4.35  484960.446483731     7946548.23439533
4.355  526762.192929599     8809143.17048348
4.36  573150.836185891     9786377.07287471
4.365  624742.784770186     10896406.3789058
4.37  682253.193810413     12160747.3282065
4.375  746514.453306942     13604991.5312823
4.38  818498.661739559     15259694.8924005
4.385  899345.062548492     17161487.2104827
4.39  990393.691296106     19354464.2281368
4.395  1093226.83519053     21891943.2459228
4.4  1209720.37286816     24838689.5039937
4.405  1342107.68056225     28273755.9522918
4.41  1493059.61620804     32294127.4808621
4.415  1665785.203013     37019427.4752452
4.42  1864159.13793037     42598037.3983817
4.425  2092884.30433608     49215110.2489513
4.43  2357700.29665437     57103142.8643071
4.435  2665652.89432091     66556035.0087823
4.44  3025444.93315637     77947942.6060812
4.445  3447896.82668647     91758785.7960914
4.45  3946556.15922759     108609088.651076
4.455  4538511.93610227     129308045.847038
4.46  5245492.74584704     154920554.201478
4.465  6095363.19081156     186861771.972001
4.47  7124185.70530026     227032163.907574
4.475  8379095.34666044     278012936.30354
4.48  9922359.78357444     343352931.698344
4.485  11837193.0281843     427996329.955985
4.49  14236206.34243     538931016.030845
4.495  17273894.8085617     686189516.591344
4.5  21165418.7360354     884425254.257771
