#   t      x      y     vx      vy      
0   0    0   0.362357754476674     0.932039085967226
0.005   0.00181178877238337    0.00454769542983613   0.362357754476674      0.887039085967226
0.01   0.00362357754476674    0.00887039085967226   0.362357754476674      0.842039085967225
0.015   0.00543536631715009    0.0129680862895084   0.362357754476674      0.797039085967225
0.02   0.00724715508953343    0.0168407817193445   0.362357754476674      0.752039085967224
0.025   0.00905894386191678    0.0204884771491806   0.362357754476674      0.707039085967223
0.03   0.0108707326343001    0.0239111725790167   0.362357754476674      0.662039085967223
0.035   0.0126825214066835    0.0271088680088529   0.362357754476674      0.617039085967222
0.04   0.0144943101790668    0.030081563438689   0.362357754476674      0.572039085967222
0.045   0.0163060989514502    0.0328292588685251   0.362357754476674      0.527039085967221
0.05   0.0181178877238335    0.0353519542983612   0.362357754476674      0.48203908596722
0.055   0.0199296764962169    0.0376496497281973   0.362357754476674      0.43703908596722
0.06   0.0217414652686002    0.0397223451580334   0.362357754476674      0.392039085967219
0.065   0.0235532540409836    0.0415700405878695   0.362357754476674      0.347039085967219
0.07   0.0253650428133669    0.0431927360177056   0.362357754476674      0.302039085967218
0.075   0.0271768315857502    0.0445904314475416   0.362357754476674      0.257039085967217
0.08   0.0289886203581336    0.0457631268773777   0.362357754476674      0.212039085967217
0.085   0.0308004091305169    0.0467108223072138   0.362357754476674      0.167039085967216
0.09   0.0326121979029003    0.0474335177370499   0.362357754476674      0.122039085967216
0.095   0.0344239866752836    0.047931213166886   0.362357754476674      0.0770390859672157
0.1   0.036235775447667    0.048203908596722   0.362357754476674      0.0320390859672158
0.105   0.0380475642200503    0.0482516040265581   0.362357754476674      -0.0129609140327842
0.11   0.0398593529924337    0.0480742994563942   0.362357754476674      -0.0579609140327842
0.115   0.041671141764817    0.0476719948862303   0.362357754476674      -0.102960914032784
0.12   0.0434829305372004    0.0470446903160664   0.362357754476674      -0.147960914032784
0.125   0.0452947193095837    0.0461923857459024   0.362357754476674      -0.192960914032785
0.13   0.0471065080819671    0.0451150811757385   0.362357754476674      -0.237960914032786
0.135   0.0489182968543504    0.0438127766055746   0.362357754476674      -0.282960914032786
0.14   0.0507300856267337    0.0422854720354106   0.362357754476674      -0.327960914032787
0.145   0.0525418743991171    0.0405331674652467   0.362357754476674      -0.372960914032787
0.15   0.0543536631715004    0.0385558628950828   0.362357754476674      -0.417960914032788
0.155   0.0561654519438838    0.0363535583249188   0.362357754476674      -0.462960914032788
0.16   0.0579772407162671    0.0339262537547549   0.362357754476674      -0.507960914032789
0.165   0.0597890294886505    0.0312739491845909   0.362357754476674      -0.55296091403279
0.17   0.0616008182610338    0.028396644614427   0.362357754476674      -0.59796091403279
0.175   0.0634126070334173    0.025294340044263   0.362357754476674      -0.642960914032791
0.18   0.065224395805801    0.0219670354740991   0.362357754476674      -0.687960914032791
0.185   0.0670361845781847    0.0184147309039351   0.362357754476674      -0.732960914032792
0.19   0.0688479733505684    0.0146374263337712   0.362357754476674      -0.777960914032793
0.195   0.0706597621229521    0.0106351217636072   0.362357754476674      -0.822960914032793
0.2   0.0724715508953358    0.00640781719344322   0.362357754476674      -0.867960914032794
0.205   0.0742833396677195    0.00195551262327925   0.362357754476674      -0.912960914032794
0.21   0.0760951284401032    -0.00272179194688472   0.362357754476674      -0.957960914032795
0.215   0.0779069172124869    -0.0076240965170487   0.362357754476674      -1.0029609140328
0.22   0.0797187059848706    -0.0127514010872127   0.362357754476674      -1.04796091403279
0.225   0.0815304947572543    -0.0181037056573766   0.362357754476674      -1.09296091403279
0.23   0.083342283529638    -0.0236810102275405   0.362357754476674      -1.13796091403278
0.235   0.0851540723020217    -0.0294833147977044   0.362357754476674      -1.18296091403278
0.24   0.0869658610744054    -0.0355106193678683   0.362357754476674      -1.22796091403277
0.245   0.0887776498467891    -0.0417629239380321   0.362357754476674      -1.27296091403277
0.25   0.0905894386191727    -0.0482402285081959   0.362357754476674      -1.31796091403276
0.255   0.0924012273915564    -0.0549425330783597   0.362357754476674      -1.36296091403276
0.26   0.0942130161639401    -0.0618698376485235   0.362357754476674      -1.40796091403275
0.265   0.0960248049363238    -0.0690221422186872   0.362357754476674      -1.45296091403275
0.27   0.0978365937087075    -0.076399446788851   0.362357754476674      -1.49796091403274
0.275   0.0996483824810912    -0.0840017513590147   0.362357754476674      -1.54296091403274
0.28   0.101460171253475    -0.0918290559291783   0.362357754476674      -1.58796091403273
0.285   0.103271960025859    -0.099881360499342   0.362357754476674      -1.63296091403273
0.29   0.105083748798242    -0.108158665069506   0.362357754476674      -1.67796091403272
0.295   0.106895537570626    -0.116660969639669   0.362357754476674      -1.72296091403272
0.3   0.10870732634301    -0.125388274209833   0.362357754476674      -1.76796091403271
0.305   0.110519115115393    -0.134340578779996   0.362357754476674      -1.81296091403271
0.31   0.112330903887777    -0.14351788335016   0.362357754476674      -1.8579609140327
0.315   0.114142692660161    -0.152920187920323   0.362357754476674      -1.9029609140327
0.32   0.115954481432544    -0.162547492490487   0.362357754476674      -1.94796091403269
0.325   0.117766270204928    -0.17239979706065   0.362357754476674      -1.99296091403269
0.33   0.119578058977312    -0.182477101630814   0.362357754476674      -2.03796091403269
0.335   0.121389847749696    -0.192779406200977   0.362357754476674      -2.0829609140327
0.34   0.123201636522079    -0.203306710771141   0.362357754476674      -2.1279609140327
0.345   0.125013425294463    -0.214059015341304   0.362357754476674      -2.17296091403271
0.35   0.126825214066847    -0.225036319911468   0.362357754476674      -2.21796091403272
0.355   0.12863700283923    -0.236238624481631   0.362357754476674      -2.26296091403272
0.36   0.130448791611614    -0.247665929051795   0.362357754476674      -2.30796091403273
0.365   0.132260580383998    -0.259318233621959   0.362357754476674      -2.35296091403273
0.37   0.134072369156381    -0.271195538192122   0.362357754476674      -2.39796091403274
0.375   0.135884157928765    -0.283297842762286   0.362357754476674      -2.44296091403275
0.38   0.137695946701149    -0.29562514733245   0.362357754476674      -2.48796091403275
0.385   0.139507735473532    -0.308177451902614   0.362357754476674      -2.53296091403276
0.39   0.141319524245916    -0.320954756472777   0.362357754476674      -2.57796091403276
0.395   0.1431313130183    -0.333957061042941   0.362357754476674      -2.62296091403277
0.4   0.144943101790684    -0.347184365613105   0.362357754476674      -2.66796091403278
0.405   0.146754890563067    -0.360636670183269   0.362357754476674      -2.71296091403278
0.41   0.148566679335451    -0.374313974753433   0.362357754476674      -2.75796091403279
0.415   0.150378468107835    -0.388216279323597   0.362357754476674      -2.8029609140328
0.42   0.152190256880218    -0.402343583893761   0.362357754476674      -2.8479609140328
0.425   0.154002045652602    -0.416695888463925   0.362357754476674      -2.89296091403281
0.43   0.155813834424986    -0.431273193034089   0.362357754476674      -2.93796091403281
0.435   0.157625623197369    -0.446075497604253   0.362357754476674      -2.98296091403282
0.44   0.159437411969753    -0.461102802174417   0.362357754476674      -3.02796091403283
0.445   0.161249200742137    -0.476355106744581   0.362357754476674      -3.07296091403283
0.45   0.16306098951452    -0.491832411314745   0.362357754476674      -3.11796091403284
0.455   0.164872778286904    -0.50753471588491   0.362357754476674      -3.16296091403284
0.46   0.166684567059288    -0.523462020455074   0.362357754476674      -3.20796091403285
0.465   0.168496355831672    -0.539614325025238   0.362357754476674      -3.25296091403286
0.47   0.170308144604055    -0.555991629595402   0.362357754476674      -3.29796091403286
0.475   0.172119933376439    -0.572593934165567   0.362357754476674      -3.34296091403287
0.48   0.173931722148823    -0.589421238735731   0.362357754476674      -3.38796091403288
0.485   0.175743510921206    -0.606473543305895   0.362357754476674      -3.43296091403288
0.49   0.17755529969359    -0.62375084787606   0.362357754476674      -3.47796091403289
0.495   0.179367088465974    -0.641253152446224   0.362357754476674      -3.52296091403289
0.5   0.181178877238357    -0.658980457016389   0.362357754476674      -3.5679609140329
0.505   0.182990666010741    -0.676932761586553   0.362357754476674      -3.61296091403291
0.51   0.184802454783125    -0.695110066156718   0.362357754476674      -3.65796091403291
0.515   0.186614243555508    -0.713512370726883   0.362357754476674      -3.70296091403292
0.52   0.188426032327892    -0.732139675297047   0.362357754476674      -3.74796091403292
0.525   0.190237821100276    -0.750991979867212   0.362357754476674      -3.79296091403293
0.53   0.19204960987266    -0.770069284437376   0.362357754476674      -3.83796091403294
0.535   0.193861398645043    -0.789371589007541   0.362357754476674      -3.88296091403294
0.54   0.195673187417427    -0.808898893577706   0.362357754476674      -3.92796091403295
0.545   0.197484976189811    -0.82865119814787   0.362357754476674      -3.97296091403296
0.55   0.199296764962194    -0.848628502718035   0.362357754476674      -4.01796091403295
0.555   0.201108553734578    -0.8688308072882   0.362357754476674      -4.06296091403294
0.56   0.202920342506962    -0.889258111858365   0.362357754476674      -4.10796091403292
0.565   0.204732131279345    -0.909910416428529   0.362357754476674      -4.1529609140329
0.57   0.206543920051729    -0.930787720998694   0.362357754476674      -4.19796091403289
0.575   0.208355708824113    -0.951890025568858   0.362357754476674      -4.24296091403287
0.58   0.210167497596496    -0.973217330139022   0.362357754476674      -4.28796091403286
0.585   0.21197928636888    -0.994769634709187   0.362357754476674      -4.33296091403284
0.59   0.213791075141264    -1.01654693927935   0.362357754476674      -4.37796091403282
0.595   0.215602863913648    -1.03854924384952   0.362357754476674      -4.42296091403281
0.6   0.217414652686031    -1.06077654841968   0.362357754476674      -4.46796091403279
0.605   0.219226441458415    -1.08322885298984   0.362357754476674      -4.51296091403278
0.61   0.221038230230799    -1.10590615756001   0.362357754476674      -4.55796091403276
0.615   0.222850019003182    -1.12880846213017   0.362357754476674      -4.60296091403274
0.62   0.224661807775566    -1.15193576670033   0.362357754476674      -4.64796091403273
0.625   0.22647359654795    -1.1752880712705   0.362357754476674      -4.69296091403271
0.63   0.228285385320333    -1.19886537584066   0.362357754476674      -4.7379609140327
0.635   0.230097174092717    -1.22266768041082   0.362357754476674      -4.78296091403268
0.64   0.231908962865101    -1.24669498498099   0.362357754476674      -4.82796091403266
0.645   0.233720751637485    -1.27094728955115   0.362357754476674      -4.87296091403265
0.65   0.235532540409868    -1.29542459412131   0.362357754476674      -4.91796091403263
0.655   0.237344329182252    -1.32012689869148   0.362357754476674      -4.96296091403262
0.66   0.239156117954636    -1.34505420326164   0.362357754476674      -5.0079609140326
0.665   0.240967906727019    -1.3702065078318   0.362357754476674      -5.05296091403258
0.67   0.242779695499403    -1.39558381240197   0.362357754476674      -5.09796091403257
0.675   0.244591484271787    -1.42118611697213   0.362357754476674      -5.14296091403255
0.68   0.24640327304417    -1.44701342154229   0.362357754476674      -5.18796091403254
0.685   0.248215061816554    -1.47306572611245   0.362357754476674      -5.23296091403252
0.69   0.250026850588938    -1.49934303068262   0.362357754476674      -5.2779609140325
0.695   0.25183863936132    -1.52584533525278   0.362357754476674      -5.32296091403249
0.7   0.253650428133702    -1.55257263982294   0.362357754476674      -5.36796091403247
0.705   0.255462216906085    -1.5795249443931   0.362357754476674      -5.41296091403246
0.71   0.257274005678467    -1.60670224896327   0.362357754476674      -5.45796091403244
0.715   0.259085794450849    -1.63410455353343   0.362357754476674      -5.50296091403242
0.72   0.260897583223232    -1.66173185810359   0.362357754476674      -5.54796091403241
0.725   0.262709371995614    -1.68958416267375   0.362357754476674      -5.59296091403239
0.73   0.264521160767996    -1.71766146724391   0.362357754476674      -5.63796091403237
0.735   0.266332949540379    -1.74596377181408   0.362357754476674      -5.68296091403236
0.74   0.268144738312761    -1.77449107638424   0.362357754476674      -5.72796091403234
0.745   0.269956527085143    -1.8032433809544   0.362357754476674      -5.77296091403233
0.75   0.271768315857525    -1.83222068552456   0.362357754476674      -5.81796091403231
0.755   0.273580104629908    -1.86142299009472   0.362357754476674      -5.86296091403229
0.76   0.27539189340229    -1.89085029466488   0.362357754476674      -5.90796091403228
0.765   0.277203682174672    -1.92050259923505   0.362357754476674      -5.95296091403226
0.77   0.279015470947055    -1.95037990380521   0.362357754476674      -5.99796091403225
0.775   0.280827259719437    -1.98048220837537   0.362357754476674      -6.04296091403223
0.78   0.282639048491819    -2.01080951294553   0.362357754476674      -6.08796091403221
0.785   0.284450837264202    -2.04136181751569   0.362357754476674      -6.1329609140322
0.79   0.286262626036584    -2.07213912208585   0.362357754476674      -6.17796091403218
0.795   0.288074414808966    -2.10314142665601   0.362357754476674      -6.22296091403217
0.8   0.289886203581348    -2.13436873122617   0.362357754476674      -6.26796091403215
0.805   0.291697992353731    -2.16582103579633   0.362357754476674      -6.31296091403213
0.81   0.293509781126113    -2.19749834036649   0.362357754476674      -6.35796091403212
0.815   0.295321569898495    -2.22940064493665   0.362357754476674      -6.4029609140321
0.82   0.297133358670878    -2.26152794950682   0.362357754476674      -6.44796091403209
0.825   0.29894514744326    -2.29388025407698   0.362357754476674      -6.49296091403207
0.83   0.300756936215642    -2.32645755864714   0.362357754476674      -6.53796091403205
0.835   0.302568724988025    -2.3592598632173   0.362357754476674      -6.58296091403204
0.84   0.304380513760407    -2.39228716778746   0.362357754476674      -6.62796091403202
0.845   0.306192302532789    -2.42553947235762   0.362357754476674      -6.67296091403201
0.85   0.308004091305172    -2.45901677692778   0.362357754476674      -6.71796091403199
0.855   0.309815880077554    -2.49271908149794   0.362357754476674      -6.76296091403197
0.86   0.311627668849936    -2.5266463860681   0.362357754476674      -6.80796091403196
0.865   0.313439457622318    -2.56079869063826   0.362357754476674      -6.85296091403194
0.87   0.315251246394701    -2.59517599520842   0.362357754476674      -6.89796091403193
0.875   0.317063035167083    -2.62977829977857   0.362357754476674      -6.94296091403191
0.88   0.318874823939465    -2.66460560434873   0.362357754476674      -6.98796091403189
0.885   0.320686612711848    -2.69965790891889   0.362357754476674      -7.03296091403188
0.89   0.32249840148423    -2.73493521348905   0.362357754476674      -7.07796091403186
0.895   0.324310190256612    -2.77043751805921   0.362357754476674      -7.12296091403184
0.9   0.326121979028995    -2.80616482262937   0.362357754476674      -7.16796091403183
0.905   0.327933767801377    -2.84211712719953   0.362357754476674      -7.21296091403181
0.91   0.329745556573759    -2.87829443176969   0.362357754476674      -7.2579609140318
0.915   0.331557345346142    -2.91469673633985   0.362357754476674      -7.30296091403178
0.92   0.333369134118524    -2.95132404091001   0.362357754476674      -7.34796091403176
0.925   0.335180922890906    -2.98817634548017   0.362357754476674      -7.39296091403175
0.93   0.336992711663288    -3.02525365005033   0.362357754476674      -7.43796091403173
0.935   0.338804500435671    -3.06255595462048   0.362357754476674      -7.48296091403172
0.94   0.340616289208053    -3.10008325919064   0.362357754476674      -7.5279609140317
0.945   0.342428077980435    -3.1378355637608   0.362357754476674      -7.57296091403168
0.95   0.344239866752818    -3.17581286833096   0.362357754476674      -7.61796091403167
0.955   0.3460516555252    -3.21401517290112   0.362357754476674      -7.66296091403165
0.96   0.347863444297582    -3.25244247747128   0.362357754476674      -7.70796091403164
0.965   0.349675233069965    -3.29109478204143   0.362357754476674      -7.75296091403162
0.97   0.351487021842347    -3.32997208661159   0.362357754476674      -7.7979609140316
0.975   0.353298810614729    -3.36907439118175   0.362357754476674      -7.84296091403159
0.98   0.355110599387111    -3.40840169575191   0.362357754476674      -7.88796091403157
0.985   0.356922388159494    -3.44795400032207   0.362357754476674      -7.93296091403156
0.99   0.358734176931876    -3.48773130489222   0.362357754476674      -7.97796091403154
0.995   0.360545965704258    -3.52773360946238   0.362357754476674      -8.02296091403152
1   0.362357754476641    -3.56796091403254   0.362357754476674      -8.06796091403151
1.005   0.364169543249023    -3.6084132186027   0.362357754476674      -8.11296091403149
1.01   0.365981332021405    -3.64909052317285   0.362357754476674      -8.15796091403148
1.015   0.367793120793788    -3.68999282774301   0.362357754476674      -8.20296091403146
1.02   0.36960490956617    -3.73112013231317   0.362357754476674      -8.24796091403144
1.025   0.371416698338552    -3.77247243688333   0.362357754476674      -8.29296091403143
1.03   0.373228487110935    -3.81404974145348   0.362357754476674      -8.33796091403141
1.035   0.375040275883317    -3.85585204602364   0.362357754476674      -8.3829609140314
1.04   0.376852064655699    -3.8978793505938   0.362357754476674      -8.42796091403138
1.045   0.378663853428081    -3.94013165516395   0.362357754476674      -8.47296091403136
1.05   0.380475642200464    -3.98260895973411   0.362357754476674      -8.51796091403135
1.055   0.382287430972846    -4.02531126430427   0.362357754476674      -8.56296091403133
1.06   0.384099219745228    -4.06823856887442   0.362357754476674      -8.60796091403131
1.065   0.385911008517611    -4.11139087344458   0.362357754476674      -8.6529609140313
1.07   0.387722797289993    -4.15476817801474   0.362357754476674      -8.69796091403128
1.075   0.389534586062375    -4.19837048258489   0.362357754476674      -8.74296091403127
1.08   0.391346374834758    -4.24219778715505   0.362357754476674      -8.78796091403125
1.085   0.39315816360714    -4.2862500917252   0.362357754476674      -8.83296091403123
1.09   0.394969952379522    -4.33052739629536   0.362357754476674      -8.87796091403122
1.095   0.396781741151905    -4.37502970086552   0.362357754476674      -8.9229609140312
1.1   0.398593529924287    -4.41975700543567   0.362357754476674      -8.96796091403119
1.105   0.400405318696669    -4.46470931000583   0.362357754476674      -9.01296091403117
1.11   0.402217107469051    -4.50988661457598   0.362357754476674      -9.05796091403115
1.115   0.404028896241434    -4.55528891914614   0.362357754476674      -9.10296091403114
1.12   0.405840685013816    -4.6009162237163   0.362357754476674      -9.14796091403112
1.125   0.407652473786198    -4.64676852828645   0.362357754476674      -9.19296091403111
1.13   0.409464262558581    -4.69284583285661   0.362357754476674      -9.23796091403109
1.135   0.411276051330963    -4.73914813742676   0.362357754476674      -9.28296091403107
1.14   0.413087840103345    -4.78567544199692   0.362357754476674      -9.32796091403106
1.145   0.414899628875728    -4.83242774656707   0.362357754476674      -9.37296091403104
1.15   0.41671141764811    -4.87940505113723   0.362357754476674      -9.41796091403103
1.155   0.418523206420492    -4.92660735570738   0.362357754476674      -9.46296091403101
1.16   0.420334995192874    -4.97403466027754   0.362357754476674      -9.50796091403099
1.165   0.422146783965257    -5.02168696484769   0.362357754476674      -9.55296091403098
1.17   0.423958572737639    -5.06956426941785   0.362357754476674      -9.59796091403096
1.175   0.425770361510021    -5.117666573988   0.362357754476674      -9.64296091403095
1.18   0.427582150282404    -5.16599387855816   0.362357754476674      -9.68796091403093
1.185   0.429393939054786    -5.21454618312831   0.362357754476674      -9.73296091403091
1.19   0.431205727827168    -5.26332348769847   0.362357754476674      -9.7779609140309
1.195   0.433017516599551    -5.31232579226862   0.362357754476674      -9.82296091403088
1.2   0.434829305371933    -5.36155309683878   0.362357754476674      -9.86796091403087
1.205   0.436641094144315    -5.41100540140893   0.362357754476674      -9.91296091403085
1.21   0.438452882916698    -5.46068270597908   0.362357754476674      -9.95796091403083
1.215   0.44026467168908    -5.51058501054924   0.362357754476674      -10.0029609140308
1.22   0.442076460461462    -5.56071231511939   0.362357754476674      -10.0479609140308
1.225   0.443888249233844    -5.61106461968955   0.362357754476674      -10.0929609140308
1.23   0.445700038006227    -5.6616419242597   0.362357754476674      -10.1379609140308
1.235   0.447511826778609    -5.71244422882985   0.362357754476674      -10.1829609140308
1.24   0.449323615550991    -5.76347153340001   0.362357754476674      -10.2279609140307
1.245   0.451135404323374    -5.81472383797016   0.362357754476674      -10.2729609140307
1.25   0.452947193095756    -5.86620114254031   0.362357754476674      -10.3179609140307
1.255   0.454758981868138    -5.91790344711047   0.362357754476674      -10.3629609140307
1.26   0.456570770640521    -5.96983075168062   0.362357754476674      -10.4079609140307
1.265   0.458382559412903    -6.02198305625078   0.362357754476674      -10.4529609140307
1.27   0.460194348185285    -6.07436036082093   0.362357754476674      -10.4979609140306
1.275   0.462006136957668    -6.12696266539108   0.362357754476674      -10.5429609140306
1.28   0.46381792573005    -6.17978996996124   0.362357754476674      -10.5879609140306
1.285   0.465629714502432    -6.23284227453139   0.362357754476674      -10.6329609140306
1.29   0.467441503274814    -6.28611957910154   0.362357754476674      -10.6779609140306
1.295   0.469253292047197    -6.33962188367169   0.362357754476674      -10.7229609140306
1.3   0.471065080819579    -6.39334918824185   0.362357754476674      -10.7679609140305
1.305   0.472876869591961    -6.447301492812   0.362357754476674      -10.8129609140305
1.31   0.474688658364344    -6.50147879738215   0.362357754476674      -10.8579609140305
1.315   0.476500447136726    -6.5558811019523   0.362357754476674      -10.9029609140305
1.32   0.478312235909108    -6.61050840652246   0.362357754476674      -10.9479609140305
1.325   0.480124024681491    -6.66536071109261   0.362357754476674      -10.9929609140305
1.33   0.481935813453873    -6.72043801566276   0.362357754476674      -11.0379609140304
1.335   0.483747602226255    -6.77574032023291   0.362357754476674      -11.0829609140304
1.34   0.485559390998637    -6.83126762480307   0.362357754476674      -11.1279609140304
1.345   0.48737117977102    -6.88701992937322   0.362357754476674      -11.1729609140304
1.35   0.489182968543402    -6.94299723394337   0.362357754476674      -11.2179609140304
1.355   0.490994757315784    -6.99919953851352   0.362357754476674      -11.2629609140304
1.36   0.492806546088167    -7.05562684308367   0.362357754476674      -11.3079609140304
1.365   0.494618334860549    -7.11227914765382   0.362357754476674      -11.3529609140303
1.37   0.496430123632931    -7.16915645222398   0.362357754476674      -11.3979609140303
1.375   0.498241912405314    -7.22625875679413   0.362357754476674      -11.4429609140303
1.38   0.500053701177696    -7.28358606136428   0.362357754476674      -11.4879609140303
1.385   0.501865489950078    -7.34113836593443   0.362357754476674      -11.5329609140303
1.39   0.503677278722461    -7.39891567050458   0.362357754476674      -11.5779609140303
1.395   0.505489067494843    -7.45691797507473   0.362357754476674      -11.6229609140302
1.4   0.507300856267225    -7.51514527964488   0.362357754476674      -11.6679609140302
1.405   0.509112645039608    -7.57359758421504   0.362357754476674      -11.7129609140302
1.41   0.51092443381199    -7.63227488878519   0.362357754476674      -11.7579609140302
1.415   0.512736222584372    -7.69117719335534   0.362357754476674      -11.8029609140302
1.42   0.514548011356754    -7.75030449792549   0.362357754476674      -11.8479609140302
1.425   0.516359800129137    -7.80965680249564   0.362357754476674      -11.8929609140301
1.43   0.518171588901519    -7.86923410706579   0.362357754476674      -11.9379609140301
1.435   0.519983377673901    -7.92903641163594   0.362357754476674      -11.9829609140301
1.44   0.521795166446284    -7.98906371620609   0.362357754476674      -12.0279609140301
1.445   0.523606955218666    -8.04931602077624   0.362357754476674      -12.0729609140301
1.45   0.525418743991048    -8.10979332534639   0.362357754476674      -12.1179609140301
1.455   0.527230532763431    -8.17049562991654   0.362357754476674      -12.16296091403
1.46   0.529042321535813    -8.23142293448669   0.362357754476674      -12.20796091403
1.465   0.530854110308195    -8.29257523905684   0.362357754476674      -12.25296091403
1.47   0.532665899080577    -8.35395254362699   0.362357754476674      -12.29796091403
1.475   0.53447768785296    -8.41555484819714   0.362357754476674      -12.34296091403
1.48   0.536289476625342    -8.47738215276729   0.362357754476674      -12.38796091403
1.485   0.538101265397724    -8.53943445733744   0.362357754476674      -12.4329609140299
1.49   0.539913054170107    -8.60171176190759   0.362357754476674      -12.4779609140299
1.495   0.541724842942489    -8.66421406647774   0.362357754476674      -12.5229609140299
1.5   0.543536631714871    -8.72694137104789   0.362357754476674      -12.5679609140299
1.505   0.545348420487254    -8.78989367561804   0.362357754476674      -12.6129609140299
1.51   0.547160209259636    -8.85307098018819   0.362357754476674      -12.6579609140299
1.515   0.548971998032018    -8.91647328475834   0.362357754476674      -12.7029609140299
1.52   0.550783786804401    -8.98010058932848   0.362357754476674      -12.7479609140298
1.525   0.552595575576783    -9.04395289389864   0.362357754476674      -12.7929609140298
1.53   0.554407364349165    -9.10803019846879   0.362357754476674      -12.8379609140298
1.535   0.556219153121547    -9.17233250303893   0.362357754476674      -12.8829609140298
1.54   0.55803094189393    -9.23685980760908   0.362357754476674      -12.9279609140298
1.545   0.559842730666312    -9.30161211217923   0.362357754476674      -12.9729609140298
1.55   0.561654519438694    -9.36658941674938   0.362357754476674      -13.0179609140297
1.555   0.563466308211077    -9.43179172131953   0.362357754476674      -13.0629609140297
1.56   0.565278096983459    -9.49721902588968   0.362357754476674      -13.1079609140297
1.565   0.567089885755841    -9.56287133045983   0.362357754476674      -13.1529609140297
1.57   0.568901674528224    -9.62874863502998   0.362357754476674      -13.1979609140297
1.575   0.570713463300606    -9.69485093960012   0.362357754476674      -13.2429609140297
1.58   0.572525252072988    -9.76117824417027   0.362357754476674      -13.2879609140296
1.585   0.574337040845371    -9.82773054874042   0.362357754476674      -13.3329609140296
1.59   0.576148829617753    -9.89450785331057   0.362357754476674      -13.3779609140296
1.595   0.577960618390135    -9.96151015788072   0.362357754476674      -13.4229609140296
1.6   0.579772407162517    -10.0287374624509   0.362357754476674      -13.4679609140296
1.605   0.5815841959349    -10.096189767021   0.362357754476674      -13.5129609140296
1.61   0.583395984707282    -10.1638670715912   0.362357754476674      -13.5579609140295
1.615   0.585207773479664    -10.2317693761613   0.362357754476674      -13.6029609140295
1.62   0.587019562252047    -10.2998966807315   0.362357754476674      -13.6479609140295
1.625   0.588831351024429    -10.3682489853016   0.362357754476674      -13.6929609140295
1.63   0.590643139796811    -10.4368262898717   0.362357754476674      -13.7379609140295
1.635   0.592454928569194    -10.5056285944419   0.362357754476674      -13.7829609140295
1.64   0.594266717341576    -10.574655899012   0.362357754476674      -13.8279609140295
1.645   0.596078506113958    -10.6439082035822   0.362357754476674      -13.8729609140294
1.65   0.59789029488634    -10.7133855081523   0.362357754476674      -13.9179609140294
1.655   0.599702083658723    -10.7830878127225   0.362357754476674      -13.9629609140294
1.66   0.601513872431105    -10.8530151172926   0.362357754476674      -14.0079609140294
1.665   0.603325661203487    -10.9231674218628   0.362357754476674      -14.0529609140294
1.67   0.60513744997587    -10.9935447264329   0.362357754476674      -14.0979609140294
1.675   0.606949238748252    -11.0641470310031   0.362357754476674      -14.1429609140293
1.68   0.608761027520634    -11.1349743355732   0.362357754476674      -14.1879609140293
1.685   0.610572816293017    -11.2060266401434   0.362357754476674      -14.2329609140293
1.69   0.612384605065399    -11.2773039447135   0.362357754476674      -14.2779609140293
1.695   0.614196393837781    -11.3488062492837   0.362357754476674      -14.3229609140293
1.7   0.616008182610164    -11.4205335538538   0.362357754476674      -14.3679609140293
1.705   0.617819971382546    -11.492485858424   0.362357754476674      -14.4129609140292
1.71   0.619631760154928    -11.5646631629941   0.362357754476674      -14.4579609140292
1.715   0.62144354892731    -11.6370654675642   0.362357754476674      -14.5029609140292
1.72   0.623255337699693    -11.7096927721344   0.362357754476674      -14.5479609140292
1.725   0.625067126472075    -11.7825450767045   0.362357754476674      -14.5929609140292
1.73   0.626878915244457    -11.8556223812747   0.362357754476674      -14.6379609140292
1.735   0.62869070401684    -11.9289246858448   0.362357754476674      -14.6829609140291
1.74   0.630502492789222    -12.002451990415   0.362357754476674      -14.7279609140291
1.745   0.632314281561604    -12.0762042949851   0.362357754476674      -14.7729609140291
1.75   0.634126070333987    -12.1501815995553   0.362357754476674      -14.8179609140291
1.755   0.635937859106369    -12.2243839041254   0.362357754476674      -14.8629609140291
1.76   0.637749647878751    -12.2988112086956   0.362357754476674      -14.9079609140291
1.765   0.639561436651134    -12.3734635132657   0.362357754476674      -14.9529609140291
1.77   0.641373225423516    -12.4483408178358   0.362357754476674      -14.997960914029
1.775   0.643185014195898    -12.523443122406   0.362357754476674      -15.042960914029
1.78   0.64499680296828    -12.5987704269761   0.362357754476674      -15.087960914029
1.785   0.646808591740663    -12.6743227315463   0.362357754476674      -15.132960914029
1.79   0.648620380513045    -12.7501000361164   0.362357754476674      -15.177960914029
1.795   0.650432169285427    -12.8261023406866   0.362357754476674      -15.222960914029
1.8   0.65224395805781    -12.9023296452567   0.362357754476674      -15.2679609140289
1.805   0.654055746830192    -12.9787819498269   0.362357754476674      -15.3129609140289
1.81   0.655867535602574    -13.055459254397   0.362357754476674      -15.3579609140289
1.815   0.657679324374957    -13.1323615589671   0.362357754476674      -15.4029609140289
1.82   0.659491113147339    -13.2094888635373   0.362357754476674      -15.4479609140289
1.825   0.661302901919721    -13.2868411681074   0.362357754476674      -15.4929609140289
1.83   0.663114690692103    -13.3644184726776   0.362357754476674      -15.5379609140288
1.835   0.664926479464486    -13.4422207772477   0.362357754476674      -15.5829609140288
1.84   0.666738268236868    -13.5202480818179   0.362357754476674      -15.6279609140288
1.845   0.66855005700925    -13.598500386388   0.362357754476674      -15.6729609140288
1.85   0.670361845781633    -13.6769776909582   0.362357754476674      -15.7179609140288
1.855   0.672173634554015    -13.7556799955283   0.362357754476674      -15.7629609140288
1.86   0.673985423326397    -13.8346073000984   0.362357754476674      -15.8079609140287
1.865   0.67579721209878    -13.9137596046686   0.362357754476674      -15.8529609140287
1.87   0.677609000871162    -13.9931369092387   0.362357754476674      -15.8979609140287
1.875   0.679420789643544    -14.0727392138089   0.362357754476674      -15.9429609140287
1.88   0.681232578415927    -14.152566518379   0.362357754476674      -15.9879609140287
1.885   0.683044367188309    -14.2326188229492   0.362357754476674      -16.0329609140287
1.89   0.684856155960691    -14.3128961275193   0.362357754476674      -16.0779609140288
1.895   0.686667944733073    -14.3933984320895   0.362357754476674      -16.1229609140289
1.9   0.688479733505456    -14.4741257366596   0.362357754476674      -16.1679609140289
1.905   0.690291522277838    -14.5550780412297   0.362357754476674      -16.212960914029
1.91   0.69210331105022    -14.6362553457999   0.362357754476674      -16.2579609140291
1.915   0.693915099822603    -14.71765765037   0.362357754476674      -16.3029609140292
1.92   0.695726888594985    -14.7992849549402   0.362357754476674      -16.3479609140292
1.925   0.697538677367367    -14.8811372595103   0.362357754476674      -16.3929609140293
1.93   0.69935046613975    -14.9632145640805   0.362357754476674      -16.4379609140294
1.935   0.701162254912132    -15.0455168686506   0.362357754476674      -16.4829609140295
1.94   0.702974043684514    -15.1280441732208   0.362357754476674      -16.5279609140295
1.945   0.704785832456897    -15.2107964777909   0.362357754476674      -16.5729609140296
1.95   0.706597621229279    -15.2937737823611   0.362357754476674      -16.6179609140297
1.955   0.708409410001661    -15.3769760869312   0.362357754476674      -16.6629609140297
1.96   0.710221198774043    -15.4604033915014   0.362357754476674      -16.7079609140298
1.965   0.712032987546426    -15.5440556960715   0.362357754476674      -16.7529609140299
1.97   0.713844776318808    -15.6279330006417   0.362357754476674      -16.79796091403
1.975   0.71565656509119    -15.7120353052118   0.362357754476674      -16.84296091403
1.98   0.717468353863573    -15.796362609782   0.362357754476674      -16.8879609140301
1.985   0.719280142635955    -15.8809149143521   0.362357754476674      -16.9329609140302
1.99   0.721091931408337    -15.9656922189223   0.362357754476674      -16.9779609140303
1.995   0.72290372018072    -16.0506945234924   0.362357754476674      -17.0229609140303
2   0.724715508953102    -16.1359218280626   0.362357754476674      -17.0679609140304
2.005   0.726527297725484    -16.2213741326327   0.362357754476674      -17.1129609140305
2.01   0.728339086497866    -16.3070514372029   0.362357754476674      -17.1579609140306
2.015   0.730150875270249    -16.392953741773   0.362357754476674      -17.2029609140306
2.02   0.731962664042631    -16.4790810463432   0.362357754476674      -17.2479609140307
2.025   0.733774452815013    -16.5654333509133   0.362357754476674      -17.2929609140308
2.03   0.735586241587396    -16.6520106554835   0.362357754476674      -17.3379609140308
2.035   0.737398030359778    -16.7388129600536   0.362357754476674      -17.3829609140309
2.04   0.73920981913216    -16.8258402646238   0.362357754476674      -17.427960914031
2.045   0.741021607904543    -16.9130925691939   0.362357754476674      -17.4729609140311
2.05   0.742833396676925    -17.0005698737641   0.362357754476674      -17.5179609140311
2.055   0.744645185449307    -17.0882721783343   0.362357754476674      -17.5629609140312
2.06   0.74645697422169    -17.1761994829044   0.362357754476674      -17.6079609140313
2.065   0.748268762994072    -17.2643517874746   0.362357754476674      -17.6529609140314
2.07   0.750080551766454    -17.3527290920447   0.362357754476674      -17.6979609140314
2.075   0.751892340538836    -17.4413313966149   0.362357754476674      -17.7429609140315
2.08   0.753704129311219    -17.530158701185   0.362357754476674      -17.7879609140316
2.085   0.755515918083601    -17.6192110057552   0.362357754476674      -17.8329609140316
2.09   0.757327706855983    -17.7084883103254   0.362357754476674      -17.8779609140317
2.095   0.759139495628366    -17.7979906148955   0.362357754476674      -17.9229609140318
2.1   0.760951284400748    -17.8877179194657   0.362357754476674      -17.9679609140319
2.105   0.76276307317313    -17.9776702240358   0.362357754476674      -18.0129609140319
2.11   0.764574861945513    -18.067847528606   0.362357754476674      -18.057960914032
2.115   0.766386650717895    -18.1582498331762   0.362357754476674      -18.1029609140321
2.12   0.768198439490277    -18.2488771377463   0.362357754476674      -18.1479609140322
2.125   0.77001022826266    -18.3397294423165   0.362357754476674      -18.1929609140322
2.13   0.771822017035042    -18.4308067468866   0.362357754476674      -18.2379609140323
2.135   0.773633805807424    -18.5221090514568   0.362357754476674      -18.2829609140324
2.14   0.775445594579806    -18.613636356027   0.362357754476674      -18.3279609140324
2.145   0.777257383352189    -18.7053886605971   0.362357754476674      -18.3729609140325
2.15   0.779069172124571    -18.7973659651673   0.362357754476674      -18.4179609140326
2.155   0.780880960896953    -18.8895682697375   0.362357754476674      -18.4629609140327
2.16   0.782692749669336    -18.9819955743076   0.362357754476674      -18.5079609140327
2.165   0.784504538441718    -19.0746478788778   0.362357754476674      -18.5529609140328
2.17   0.7863163272141    -19.167525183448   0.362357754476674      -18.5979609140329
2.175   0.788128115986483    -19.2606274880181   0.362357754476674      -18.642960914033
2.18   0.789939904758865    -19.3539547925883   0.362357754476674      -18.687960914033
2.185   0.791751693531247    -19.4475070971585   0.362357754476674      -18.7329609140331
2.19   0.793563482303629    -19.5412844017286   0.362357754476674      -18.7779609140332
2.195   0.795375271076012    -19.6352867062988   0.362357754476674      -18.8229609140332
2.2   0.797187059848394    -19.729514010869   0.362357754476674      -18.8679609140333
2.205   0.798998848620776    -19.8239663154391   0.362357754476674      -18.9129609140334
2.21   0.800810637393159    -19.9186436200093   0.362357754476674      -18.9579609140335
2.215   0.802622426165541    -20.0135459245795   0.362357754476674      -19.0029609140335
2.22   0.804434214937923    -20.1086732291496   0.362357754476674      -19.0479609140336
2.225   0.806246003710306    -20.2040255337198   0.362357754476674      -19.0929609140337
2.23   0.808057792482688    -20.29960283829   0.362357754476674      -19.1379609140338
2.235   0.80986958125507    -20.3954051428601   0.362357754476674      -19.1829609140338
2.24   0.811681370027453    -20.4914324474303   0.362357754476674      -19.2279609140339
2.245   0.813493158799835    -20.5876847520005   0.362357754476674      -19.272960914034
2.25   0.815304947572217    -20.6841620565706   0.362357754476674      -19.317960914034
2.255   0.817116736344599    -20.7808643611408   0.362357754476674      -19.3629609140341
2.26   0.818928525116982    -20.877791665711   0.362357754476674      -19.4079609140342
2.265   0.820740313889364    -20.9749439702812   0.362357754476674      -19.4529609140343
2.27   0.822552102661746    -21.0723212748513   0.362357754476674      -19.4979609140343
2.275   0.824363891434129    -21.1699235794215   0.362357754476674      -19.5429609140344
2.28   0.826175680206511    -21.2677508839917   0.362357754476674      -19.5879609140345
2.285   0.827987468978893    -21.3658031885618   0.362357754476674      -19.6329609140346
2.29   0.829799257751276    -21.464080493132   0.362357754476674      -19.6779609140346
2.295   0.831611046523658    -21.5625827977022   0.362357754476674      -19.7229609140347
2.3   0.83342283529604    -21.6613101022724   0.362357754476674      -19.7679609140348
2.305   0.835234624068423    -21.7602624068425   0.362357754476674      -19.8129609140348
2.31   0.837046412840805    -21.8594397114127   0.362357754476674      -19.8579609140349
2.315   0.838858201613187    -21.9588420159829   0.362357754476674      -19.902960914035
2.32   0.840669990385569    -22.0584693205531   0.362357754476674      -19.9479609140351
2.325   0.842481779157952    -22.1583216251232   0.362357754476674      -19.9929609140351
2.33   0.844293567930334    -22.2583989296934   0.362357754476674      -20.0379609140352
2.335   0.846105356702716    -22.3587012342636   0.362357754476674      -20.0829609140353
2.34   0.847917145475099    -22.4592285388338   0.362357754476674      -20.1279609140354
2.345   0.849728934247481    -22.5599808434039   0.362357754476674      -20.1729609140354
2.35   0.851540723019863    -22.6609581479741   0.362357754476674      -20.2179609140355
2.355   0.853352511792246    -22.7621604525443   0.362357754476674      -20.2629609140356
2.36   0.855164300564628    -22.8635877571145   0.362357754476674      -20.3079609140356
2.365   0.85697608933701    -22.9652400616847   0.362357754476674      -20.3529609140357
2.37   0.858787878109392    -23.0671173662548   0.362357754476674      -20.3979609140358
2.375   0.860599666881775    -23.169219670825   0.362357754476674      -20.4429609140359
2.38   0.862411455654157    -23.2715469753952   0.362357754476674      -20.4879609140359
2.385   0.864223244426539    -23.3740992799654   0.362357754476674      -20.532960914036
2.39   0.866035033198922    -23.4768765845356   0.362357754476674      -20.5779609140361
2.395   0.867846821971304    -23.5798788891057   0.362357754476674      -20.6229609140362
2.4   0.869658610743686    -23.6831061936759   0.362357754476674      -20.6679609140362
2.405   0.871470399516069    -23.7865584982461   0.362357754476674      -20.7129609140363
2.41   0.873282188288451    -23.8902358028163   0.362357754476674      -20.7579609140364
2.415   0.875093977060833    -23.9941381073865   0.362357754476674      -20.8029609140364
2.42   0.876905765833216    -24.0982654119567   0.362357754476674      -20.8479609140365
2.425   0.878717554605598    -24.2026177165268   0.362357754476674      -20.8929609140366
2.43   0.88052934337798    -24.307195021097   0.362357754476674      -20.9379609140367
2.435   0.882341132150362    -24.4119973256672   0.362357754476674      -20.9829609140367
2.44   0.884152920922745    -24.5170246302374   0.362357754476674      -21.0279609140368
2.445   0.885964709695127    -24.6222769348076   0.362357754476674      -21.0729609140369
2.45   0.887776498467509    -24.7277542393778   0.362357754476674      -21.117960914037
2.455   0.889588287239892    -24.8334565439479   0.362357754476674      -21.162960914037
2.46   0.891400076012274    -24.9393838485181   0.362357754476674      -21.2079609140371
2.465   0.893211864784656    -25.0455361530883   0.362357754476674      -21.2529609140372
2.47   0.895023653557039    -25.1519134576585   0.362357754476674      -21.2979609140372
2.475   0.896835442329421    -25.2585157622287   0.362357754476674      -21.3429609140373
2.48   0.898647231101803    -25.3653430667989   0.362357754476674      -21.3879609140374
2.485   0.900459019874186    -25.4723953713691   0.362357754476674      -21.4329609140375
2.49   0.902270808646568    -25.5796726759392   0.362357754476674      -21.4779609140375
2.495   0.90408259741895    -25.6871749805094   0.362357754476674      -21.5229609140376
2.5   0.905894386191332    -25.7949022850796   0.362357754476674      -21.5679609140377
2.505   0.907706174963715    -25.9028545896498   0.362357754476674      -21.6129609140378
2.51   0.909517963736097    -26.01103189422   0.362357754476674      -21.6579609140378
2.515   0.911329752508479    -26.1194341987902   0.362357754476674      -21.7029609140379
2.52   0.913141541280862    -26.2280615033604   0.362357754476674      -21.747960914038
2.525   0.914953330053244    -26.3369138079306   0.362357754476674      -21.792960914038
2.53   0.916765118825626    -26.4459911125008   0.362357754476674      -21.8379609140381
2.535   0.918576907598009    -26.555293417071   0.362357754476674      -21.8829609140382
2.54   0.920388696370391    -26.6648207216411   0.362357754476674      -21.9279609140383
2.545   0.922200485142773    -26.7745730262113   0.362357754476674      -21.9729609140383
2.55   0.924012273915156    -26.8845503307815   0.362357754476674      -22.0179609140384
2.555   0.925824062687538    -26.9947526353517   0.362357754476674      -22.0629609140385
2.56   0.92763585145992    -27.1051799399219   0.362357754476674      -22.1079609140386
2.565   0.929447640232302    -27.2158322444921   0.362357754476674      -22.1529609140386
2.57   0.931259429004685    -27.3267095490623   0.362357754476674      -22.1979609140387
2.575   0.933071217777067    -27.4378118536325   0.362357754476674      -22.2429609140388
2.58   0.934883006549449    -27.5491391582027   0.362357754476674      -22.2879609140388
2.585   0.936694795321832    -27.6606914627729   0.362357754476674      -22.3329609140389
2.59   0.938506584094214    -27.7724687673431   0.362357754476674      -22.377960914039
2.595   0.940318372866596    -27.8844710719133   0.362357754476674      -22.4229609140391
2.6   0.942130161638979    -27.9966983764835   0.362357754476674      -22.4679609140391
2.605   0.943941950411361    -28.1091506810537   0.362357754476674      -22.5129609140392
2.61   0.945753739183743    -28.2218279856239   0.362357754476674      -22.5579609140393
2.615   0.947565527956125    -28.3347302901941   0.362357754476674      -22.6029609140394
2.62   0.949377316728508    -28.4478575947643   0.362357754476674      -22.6479609140394
2.625   0.95118910550089    -28.5612098993345   0.362357754476674      -22.6929609140395
2.63   0.953000894273272    -28.6747872039047   0.362357754476674      -22.7379609140396
2.635   0.954812683045655    -28.7885895084749   0.362357754476674      -22.7829609140396
2.64   0.956624471818037    -28.9026168130451   0.362357754476674      -22.8279609140397
2.645   0.958436260590419    -29.0168691176153   0.362357754476674      -22.8729609140398
2.65   0.960248049362802    -29.1313464221855   0.362357754476674      -22.9179609140399
2.655   0.962059838135184    -29.2460487267557   0.362357754476674      -22.9629609140399
2.66   0.963871626907566    -29.3609760313259   0.362357754476674      -23.00796091404
2.665   0.965683415679949    -29.4761283358961   0.362357754476674      -23.0529609140401
2.67   0.967495204452331    -29.5915056404663   0.362357754476674      -23.0979609140402
2.675   0.969306993224713    -29.7071079450365   0.362357754476674      -23.1429609140402
2.68   0.971118781997095    -29.8229352496067   0.362357754476674      -23.1879609140403
2.685   0.972930570769478    -29.9389875541769   0.362357754476674      -23.2329609140404
2.69   0.97474235954186    -30.0552648587471   0.362357754476674      -23.2779609140404
2.695   0.976554148314242    -30.1717671633173   0.362357754476674      -23.3229609140405
2.7   0.978365937086625    -30.2884944678875   0.362357754476674      -23.3679609140406
2.705   0.980177725859007    -30.4054467724577   0.362357754476674      -23.4129609140407
2.71   0.981989514631389    -30.5226240770279   0.362357754476674      -23.4579609140407
2.715   0.983801303403772    -30.6400263815981   0.362357754476674      -23.5029609140408
2.72   0.985613092176154    -30.7576536861683   0.362357754476674      -23.5479609140409
2.725   0.987424880948536    -30.8755059907385   0.362357754476674      -23.592960914041
2.73   0.989236669720919    -30.9935832953087   0.362357754476674      -23.637960914041
2.735   0.991048458493301    -31.1118855998789   0.362357754476674      -23.6829609140411
2.74   0.992860247265683    -31.2304129044491   0.362357754476674      -23.7279609140412
2.745   0.994672036038065    -31.3491652090193   0.362357754476674      -23.7729609140412
2.75   0.996483824810448    -31.4681425135895   0.362357754476674      -23.8179609140413
2.755   0.99829561358283    -31.5873448181597   0.362357754476674      -23.8629609140414
2.76   1.00010740235521    -31.7067721227299   0.362357754476674      -23.9079609140415
2.765   1.0019191911276    -31.8264244273001   0.362357754476674      -23.9529609140415
2.77   1.00373097989999    -31.9463017318704   0.362357754476674      -23.9979609140416
2.775   1.00554276867238    -32.0664040364406   0.362357754476674      -24.0429609140417
2.78   1.00735455744476    -32.1867313410108   0.362357754476674      -24.0879609140418
2.785   1.00916634621715    -32.307283645581   0.362357754476674      -24.1329609140418
2.79   1.01097813498954    -32.4280609501512   0.362357754476674      -24.1779609140419
2.795   1.01278992376193    -32.5490632547214   0.362357754476674      -24.222960914042
2.8   1.01460171253432    -32.6702905592916   0.362357754476674      -24.267960914042
2.805   1.0164135013067    -32.7917428638618   0.362357754476674      -24.3129609140421
2.81   1.01822529007909    -32.913420168432   0.362357754476674      -24.3579609140422
2.815   1.02003707885148    -33.0353224730022   0.362357754476674      -24.4029609140423
2.82   1.02184886762387    -33.1574497775724   0.362357754476674      -24.4479609140423
2.825   1.02366065639625    -33.2798020821427   0.362357754476674      -24.4929609140424
2.83   1.02547244516864    -33.4023793867129   0.362357754476674      -24.5379609140425
2.835   1.02728423394103    -33.5251816912831   0.362357754476674      -24.5829609140426
2.84   1.02909602271342    -33.6482089958533   0.362357754476674      -24.6279609140426
2.845   1.03090781148581    -33.7714613004235   0.362357754476674      -24.6729609140427
2.85   1.03271960025819    -33.8949386049937   0.362357754476674      -24.7179609140428
2.855   1.03453138903058    -34.0186409095639   0.362357754476674      -24.7629609140428
2.86   1.03634317780297    -34.1425682141341   0.362357754476674      -24.8079609140429
2.865   1.03815496657536    -34.2667205187044   0.362357754476674      -24.852960914043
2.87   1.03996675534775    -34.3910978232746   0.362357754476674      -24.8979609140431
2.875   1.04177854412013    -34.5157001278448   0.362357754476674      -24.9429609140431
2.88   1.04359033289252    -34.640527432415   0.362357754476674      -24.9879609140432
2.885   1.04540212166491    -34.7655797369852   0.362357754476674      -25.0329609140433
2.89   1.0472139104373    -34.8908570415554   0.362357754476674      -25.0779609140434
2.895   1.04902569920968    -35.0163593461256   0.362357754476674      -25.1229609140434
2.9   1.05083748798207    -35.1420866506959   0.362357754476674      -25.1679609140435
2.905   1.05264927675446    -35.2680389552661   0.362357754476674      -25.2129609140436
2.91   1.05446106552685    -35.3942162598363   0.362357754476674      -25.2579609140436
2.915   1.05627285429924    -35.5206185644065   0.362357754476674      -25.3029609140437
2.92   1.05808464307162    -35.6472458689767   0.362357754476674      -25.3479609140438
2.925   1.05989643184401    -35.774098173547   0.362357754476674      -25.3929609140439
2.93   1.0617082206164    -35.9011754781172   0.362357754476674      -25.4379609140439
2.935   1.06352000938879    -36.0284777826874   0.362357754476674      -25.482960914044
2.94   1.06533179816118    -36.1560050872576   0.362357754476674      -25.5279609140441
2.945   1.06714358693356    -36.2837573918278   0.362357754476674      -25.5729609140442
2.95   1.06895537570595    -36.411734696398   0.362357754476674      -25.6179609140442
2.955   1.07076716447834    -36.5399370009683   0.362357754476674      -25.6629609140443
2.96   1.07257895325073    -36.6683643055385   0.362357754476674      -25.7079609140444
2.965   1.07439074202311    -36.7970166101087   0.362357754476674      -25.7529609140444
2.97   1.0762025307955    -36.9258939146789   0.362357754476674      -25.7979609140445
2.975   1.07801431956789    -37.0549962192492   0.362357754476674      -25.8429609140446
2.98   1.07982610834028    -37.1843235238194   0.362357754476674      -25.8879609140447
2.985   1.08163789711267    -37.3138758283896   0.362357754476674      -25.9329609140447
2.99   1.08344968588505    -37.4436531329598   0.362357754476674      -25.9779609140448
2.995   1.08526147465744    -37.57365543753   0.362357754476674      -26.0229609140449
3   1.08707326342983    -37.7038827421003   0.362357754476674      -26.067960914045
3.005   1.08888505220222    -37.8343350466705   0.362357754476674      -26.112960914045
3.01   1.09069684097461    -37.9650123512407   0.362357754476674      -26.1579609140451
3.015   1.09250862974699    -38.095914655811   0.362357754476674      -26.2029609140452
3.02   1.09432041851938    -38.2270419603812   0.362357754476674      -26.2479609140452
3.025   1.09613220729177    -38.3583942649514   0.362357754476674      -26.2929609140453
3.03   1.09794399606416    -38.4899715695216   0.362357754476674      -26.3379609140454
3.035   1.09975578483654    -38.6217738740918   0.362357754476674      -26.3829609140455
3.04   1.10156757360893    -38.7538011786621   0.362357754476674      -26.4279609140455
3.045   1.10337936238132    -38.8860534832323   0.362357754476674      -26.4729609140456
3.05   1.10519115115371    -39.0185307878025   0.362357754476674      -26.5179609140457
3.055   1.1070029399261    -39.1512330923728   0.362357754476674      -26.5629609140458
3.06   1.10881472869848    -39.284160396943   0.362357754476674      -26.6079609140458
3.065   1.11062651747087    -39.4173127015132   0.362357754476674      -26.6529609140459
3.07   1.11243830624326    -39.5506900060834   0.362357754476674      -26.697960914046
3.075   1.11425009501565    -39.6842923106537   0.362357754476674      -26.742960914046
3.08   1.11606188378804    -39.8181196152239   0.362357754476674      -26.7879609140461
3.085   1.11787367256042    -39.9521719197941   0.362357754476674      -26.8329609140462
3.09   1.11968546133281    -40.0864492243644   0.362357754476674      -26.8779609140463
3.095   1.1214972501052    -40.2209515289346   0.362357754476674      -26.9229609140463
3.1   1.12330903887759    -40.3556788335048   0.362357754476674      -26.9679609140464
3.105   1.12512082764997    -40.4906311380751   0.362357754476674      -27.0129609140465
3.11   1.12693261642236    -40.6258084426453   0.362357754476674      -27.0579609140466
3.115   1.12874440519475    -40.7612107472155   0.362357754476674      -27.1029609140466
3.12   1.13055619396714    -40.8968380517857   0.362357754476674      -27.1479609140467
3.125   1.13236798273953    -41.032690356356   0.362357754476674      -27.1929609140468
3.13   1.13417977151191    -41.1687676609262   0.362357754476674      -27.2379609140468
3.135   1.1359915602843    -41.3050699654964   0.362357754476674      -27.2829609140469
3.14   1.13780334905669    -41.4415972700667   0.362357754476674      -27.327960914047
3.145   1.13961513782908    -41.5783495746369   0.362357754476674      -27.3729609140471
3.15   1.14142692660147    -41.7153268792071   0.362357754476674      -27.4179609140471
3.155   1.14323871537385    -41.8525291837774   0.362357754476674      -27.4629609140472
3.16   1.14505050414624    -41.9899564883476   0.362357754476674      -27.5079609140473
3.165   1.14686229291863    -42.1276087929179   0.362357754476674      -27.5529609140474
3.17   1.14867408169102    -42.2654860974881   0.362357754476674      -27.5979609140474
3.175   1.1504858704634    -42.4035884020583   0.362357754476674      -27.6429609140475
3.18   1.15229765923579    -42.5419157066286   0.362357754476674      -27.6879609140476
3.185   1.15410944800818    -42.6804680111988   0.362357754476674      -27.7329609140476
3.19   1.15592123678057    -42.819245315769   0.362357754476674      -27.7779609140477
3.195   1.15773302555296    -42.9582476203393   0.362357754476674      -27.8229609140478
3.2   1.15954481432534    -43.0974749249095   0.362357754476674      -27.8679609140479
3.205   1.16135660309773    -43.2369272294798   0.362357754476674      -27.9129609140479
3.21   1.16316839187012    -43.37660453405   0.362357754476674      -27.957960914048
3.215   1.16498018064251    -43.5165068386202   0.362357754476674      -28.0029609140481
3.22   1.1667919694149    -43.6566341431905   0.362357754476674      -28.0479609140482
3.225   1.16860375818728    -43.7969864477607   0.362357754476674      -28.0929609140482
3.23   1.17041554695967    -43.937563752331   0.362357754476674      -28.1379609140483
3.235   1.17222733573206    -44.0783660569012   0.362357754476674      -28.1829609140484
3.24   1.17403912450445    -44.2193933614714   0.362357754476674      -28.2279609140484
3.245   1.17585091327683    -44.3606456660417   0.362357754476674      -28.2729609140485
3.25   1.17766270204922    -44.5021229706119   0.362357754476674      -28.3179609140486
3.255   1.17947449082161    -44.6438252751822   0.362357754476674      -28.3629609140487
3.26   1.181286279594    -44.7857525797524   0.362357754476674      -28.4079609140487
3.265   1.18309806836639    -44.9279048843227   0.362357754476674      -28.4529609140488
3.27   1.18490985713877    -45.0702821888929   0.362357754476674      -28.4979609140489
3.275   1.18672164591116    -45.2128844934631   0.362357754476674      -28.542960914049
3.28   1.18853343468355    -45.3557117980334   0.362357754476674      -28.587960914049
3.285   1.19034522345594    -45.4987641026036   0.362357754476674      -28.6329609140491
3.29   1.19215701222833    -45.6420414071739   0.362357754476674      -28.6779609140492
3.295   1.19396880100071    -45.7855437117441   0.362357754476674      -28.7229609140492
3.3   1.1957805897731    -45.9292710163144   0.362357754476674      -28.7679609140493
3.305   1.19759237854549    -46.0732233208846   0.362357754476674      -28.8129609140494
3.31   1.19940416731788    -46.2174006254548   0.362357754476674      -28.8579609140495
3.315   1.20121595609026    -46.3618029300251   0.362357754476674      -28.9029609140495
3.32   1.20302774486265    -46.5064302345953   0.362357754476674      -28.9479609140496
3.325   1.20483953363504    -46.6512825391656   0.362357754476674      -28.9929609140497
3.33   1.20665132240743    -46.7963598437358   0.362357754476674      -29.0379609140498
3.335   1.20846311117982    -46.9416621483061   0.362357754476674      -29.0829609140498
3.34   1.2102748999522    -47.0871894528763   0.362357754476674      -29.1279609140499
3.345   1.21208668872459    -47.2329417574466   0.362357754476674      -29.17296091405
3.35   1.21389847749698    -47.3789190620168   0.362357754476674      -29.21796091405
3.355   1.21571026626937    -47.5251213665871   0.362357754476674      -29.2629609140501
3.36   1.21752205504176    -47.6715486711573   0.362357754476674      -29.3079609140502
3.365   1.21933384381414    -47.8182009757276   0.362357754476674      -29.3529609140503
3.37   1.22114563258653    -47.9650782802978   0.362357754476674      -29.3979609140503
3.375   1.22295742135892    -48.1121805848681   0.362357754476674      -29.4429609140504
3.38   1.22476921013131    -48.2595078894383   0.362357754476674      -29.4879609140505
3.385   1.22658099890369    -48.4070601940086   0.362357754476674      -29.5329609140506
3.39   1.22839278767608    -48.5548374985788   0.362357754476674      -29.5779609140506
3.395   1.23020457644847    -48.7028398031491   0.362357754476674      -29.6229609140507
3.4   1.23201636522086    -48.8510671077193   0.362357754476674      -29.6679609140508
3.405   1.23382815399325    -48.9995194122896   0.362357754476674      -29.7129609140508
3.41   1.23563994276563    -49.1481967168598   0.362357754476674      -29.7579609140509
3.415   1.23745173153802    -49.2970990214301   0.362357754476674      -29.802960914051
3.42   1.23926352031041    -49.4462263260003   0.362357754476674      -29.8479609140511
3.425   1.2410753090828    -49.5955786305706   0.362357754476674      -29.8929609140511
3.43   1.24288709785519    -49.7451559351409   0.362357754476674      -29.9379609140512
3.435   1.24469888662757    -49.8949582397111   0.362357754476674      -29.9829609140513
3.44   1.24651067539996    -50.0449855442814   0.362357754476674      -30.0279609140514
3.445   1.24832246417235    -50.1952378488516   0.362357754476674      -30.0729609140514
3.45   1.25013425294474    -50.3457151534219   0.362357754476674      -30.1179609140515
3.455   1.25194604171712    -50.4964174579921   0.362357754476674      -30.1629609140516
3.46   1.25375783048951    -50.6473447625624   0.362357754476674      -30.2079609140517
3.465   1.2555696192619    -50.7984970671327   0.362357754476674      -30.2529609140517
3.47   1.25738140803429    -50.9498743717029   0.362357754476674      -30.2979609140518
3.475   1.25919319680668    -51.1014766762732   0.362357754476674      -30.3429609140519
3.48   1.26100498557906    -51.2533039808434   0.362357754476674      -30.3879609140519
3.485   1.26281677435145    -51.4053562854137   0.362357754476674      -30.432960914052
3.49   1.26462856312384    -51.557633589984   0.362357754476674      -30.4779609140521
3.495   1.26644035189623    -51.7101358945542   0.362357754476674      -30.5229609140522
3.5   1.26825214066862    -51.8628631991245   0.362357754476674      -30.5679609140522
3.505   1.270063929441    -52.0158155036947   0.362357754476674      -30.6129609140523
3.51   1.27187571821339    -52.168992808265   0.362357754476674      -30.6579609140524
3.515   1.27368750698578    -52.3223951128353   0.362357754476674      -30.7029609140525
3.52   1.27549929575817    -52.4760224174055   0.362357754476674      -30.7479609140525
3.525   1.27731108453055    -52.6298747219758   0.362357754476674      -30.7929609140526
3.53   1.27912287330294    -52.783952026546   0.362357754476674      -30.8379609140527
3.535   1.28093466207533    -52.9382543311163   0.362357754476674      -30.8829609140527
3.54   1.28274645084772    -53.0927816356866   0.362357754476674      -30.9279609140528
3.545   1.28455823962011    -53.2475339402568   0.362357754476674      -30.9729609140529
3.55   1.28637002839249    -53.4025112448271   0.362357754476674      -31.017960914053
3.555   1.28818181716488    -53.5577135493974   0.362357754476674      -31.062960914053
3.56   1.28999360593727    -53.7131408539676   0.362357754476674      -31.1079609140531
3.565   1.29180539470966    -53.8687931585379   0.362357754476674      -31.1529609140532
3.57   1.29361718348205    -54.0246704631081   0.362357754476674      -31.1979609140533
3.575   1.29542897225443    -54.1807727676784   0.362357754476674      -31.2429609140533
3.58   1.29724076102682    -54.3371000722487   0.362357754476674      -31.2879609140534
3.585   1.29905254979921    -54.4936523768189   0.362357754476674      -31.3329609140535
3.59   1.3008643385716    -54.6504296813892   0.362357754476674      -31.3779609140535
3.595   1.30267612734398    -54.8074319859595   0.362357754476674      -31.4229609140536
3.6   1.30448791611637    -54.9646592905297   0.362357754476674      -31.4679609140537
3.605   1.30629970488876    -55.1221115951   0.362357754476674      -31.5129609140538
3.61   1.30811149366115    -55.2797888996703   0.362357754476674      -31.5579609140538
3.615   1.30992328243354    -55.4376912042406   0.362357754476674      -31.6029609140539
3.62   1.31173507120592    -55.5958185088108   0.362357754476674      -31.647960914054
3.625   1.31354685997831    -55.7541708133811   0.362357754476674      -31.6929609140541
3.63   1.3153586487507    -55.9127481179514   0.362357754476674      -31.7379609140541
3.635   1.31717043752309    -56.0715504225216   0.362357754476674      -31.7829609140542
3.64   1.31898222629548    -56.2305777270919   0.362357754476674      -31.8279609140543
3.645   1.32079401506786    -56.3898300316622   0.362357754476674      -31.8729609140543
3.65   1.32260580384025    -56.5493073362324   0.362357754476674      -31.9179609140544
3.655   1.32441759261264    -56.7090096408027   0.362357754476674      -31.9629609140545
3.66   1.32622938138503    -56.868936945373   0.362357754476674      -32.0079609140546
3.665   1.32804117015741    -57.0290892499433   0.362357754476674      -32.0529609140546
3.67   1.3298529589298    -57.1894665545135   0.362357754476674      -32.0979609140547
3.675   1.33166474770219    -57.3500688590838   0.362357754476674      -32.1429609140548
3.68   1.33347653647458    -57.5108961636541   0.362357754476674      -32.1879609140548
3.685   1.33528832524697    -57.6719484682243   0.362357754476674      -32.2329609140549
3.69   1.33710011401935    -57.8332257727946   0.362357754476674      -32.277960914055
3.695   1.33891190279174    -57.9947280773649   0.362357754476674      -32.3229609140551
3.7   1.34072369156413    -58.1564553819352   0.362357754476674      -32.3679609140551
3.705   1.34253548033652    -58.3184076865054   0.362357754476674      -32.4129609140552
3.71   1.34434726910891    -58.4805849910757   0.362357754476674      -32.4579609140553
3.715   1.34615905788129    -58.642987295646   0.362357754476674      -32.5029609140554
3.72   1.34797084665368    -58.8056146002163   0.362357754476674      -32.5479609140554
3.725   1.34978263542607    -58.9684669047865   0.362357754476674      -32.5929609140555
3.73   1.35159442419846    -59.1315442093568   0.362357754476674      -32.6379609140556
3.735   1.35340621297084    -59.2948465139271   0.362357754476674      -32.6829609140556
3.74   1.35521800174323    -59.4583738184974   0.362357754476674      -32.7279609140557
3.745   1.35702979051562    -59.6221261230677   0.362357754476674      -32.7729609140558
3.75   1.35884157928801    -59.7861034276379   0.362357754476674      -32.8179609140559
3.755   1.3606533680604    -59.9503057322082   0.362357754476674      -32.8629609140559
3.76   1.36246515683278    -60.1147330367785   0.362357754476674      -32.907960914056
3.765   1.36427694560517    -60.2793853413488   0.362357754476674      -32.9529609140561
3.77   1.36608873437756    -60.444262645919   0.362357754476674      -32.9979609140562
3.775   1.36790052314995    -60.6093649504893   0.362357754476674      -33.0429609140562
3.78   1.36971231192234    -60.7746922550596   0.362357754476674      -33.0879609140563
3.785   1.37152410069472    -60.9402445596299   0.362357754476674      -33.1329609140564
3.79   1.37333588946711    -61.1060218642002   0.362357754476674      -33.1779609140564
3.795   1.3751476782395    -61.2720241687705   0.362357754476674      -33.2229609140565
3.8   1.37695946701189    -61.4382514733407   0.362357754476674      -33.2679609140566
3.805   1.37877125578427    -61.604703777911   0.362357754476674      -33.3129609140567
3.81   1.38058304455666    -61.7713810824813   0.362357754476674      -33.3579609140567
3.815   1.38239483332905    -61.9382833870516   0.362357754476674      -33.4029609140568
3.82   1.38420662210144    -62.1054106916219   0.362357754476674      -33.4479609140569
3.825   1.38601841087383    -62.2727629961921   0.362357754476674      -33.492960914057
3.83   1.38783019964621    -62.4403403007624   0.362357754476674      -33.537960914057
3.835   1.3896419884186    -62.6081426053327   0.362357754476674      -33.5829609140571
3.84   1.39145377719099    -62.776169909903   0.362357754476674      -33.6279609140572
3.845   1.39326556596338    -62.9444222144733   0.362357754476674      -33.6729609140572
3.85   1.39507735473577    -63.1128995190436   0.362357754476674      -33.7179609140573
3.855   1.39688914350815    -63.2816018236139   0.362357754476674      -33.7629609140574
3.86   1.39870093228054    -63.4505291281841   0.362357754476674      -33.8079609140575
3.865   1.40051272105293    -63.6196814327544   0.362357754476674      -33.8529609140575
3.87   1.40232450982532    -63.7890587373247   0.362357754476674      -33.8979609140576
3.875   1.4041362985977    -63.958661041895   0.362357754476674      -33.9429609140577
3.88   1.40594808737009    -64.1284883464653   0.362357754476674      -33.9879609140578
3.885   1.40775987614248    -64.2985406510356   0.362357754476674      -34.0329609140578
3.89   1.40957166491487    -64.4688179556058   0.362357754476674      -34.0779609140579
3.895   1.41138345368726    -64.6393202601761   0.362357754476674      -34.122960914058
3.9   1.41319524245964    -64.8100475647464   0.362357754476674      -34.167960914058
3.905   1.41500703123203    -64.9809998693167   0.362357754476674      -34.2129609140581
3.91   1.41681882000442    -65.152177173887   0.362357754476674      -34.2579609140582
3.915   1.41863060877681    -65.3235794784573   0.362357754476674      -34.3029609140583
3.92   1.4204423975492    -65.4952067830276   0.362357754476674      -34.3479609140583
3.925   1.42225418632158    -65.6670590875978   0.362357754476674      -34.3929609140584
3.93   1.42406597509397    -65.8391363921682   0.362357754476674      -34.4379609140585
3.935   1.42587776386636    -66.0114386967385   0.362357754476674      -34.4829609140586
3.94   1.42768955263875    -66.1839660013087   0.362357754476674      -34.5279609140586
3.945   1.42950134141113    -66.356718305879   0.362357754476674      -34.5729609140587
3.95   1.43131313018352    -66.5296956104493   0.362357754476674      -34.6179609140588
3.955   1.43312491895591    -66.7028979150196   0.362357754476674      -34.6629609140588
3.96   1.4349367077283    -66.87632521959   0.362357754476674      -34.7079609140589
3.965   1.43674849650069    -67.0499775241602   0.362357754476674      -34.752960914059
3.97   1.43856028527307    -67.2238548287305   0.362357754476674      -34.7979609140591
3.975   1.44037207404546    -67.3979571333008   0.362357754476674      -34.8429609140591
3.98   1.44218386281785    -67.5722844378711   0.362357754476674      -34.8879609140592
3.985   1.44399565159024    -67.7468367424414   0.362357754476674      -34.9329609140593
3.99   1.44580744036263    -67.9216140470117   0.362357754476674      -34.9779609140594
3.995   1.44761922913501    -68.096616351582   0.362357754476674      -35.0229609140594
4   1.4494310179074    -68.2718436561523   0.362357754476674      -35.0679609140595
4.005   1.45124280667979    -68.4472959607226   0.362357754476674      -35.1129609140596
4.01   1.45305459545218    -68.6229732652929   0.362357754476674      -35.1579609140597
4.015   1.45486638422456    -68.7988755698632   0.362357754476674      -35.2029609140597
4.02   1.45667817299695    -68.9750028744334   0.362357754476674      -35.2479609140598
4.025   1.45848996176934    -69.1513551790037   0.362357754476674      -35.2929609140599
4.03   1.46030175054173    -69.3279324835741   0.362357754476674      -35.3379609140599
4.035   1.46211353931412    -69.5047347881444   0.362357754476674      -35.38296091406
4.04   1.4639253280865    -69.6817620927147   0.362357754476674      -35.4279609140601
4.045   1.46573711685889    -69.8590143972849   0.362357754476674      -35.4729609140602
4.05   1.46754890563128    -70.0364917018552   0.362357754476674      -35.5179609140602
4.055   1.46936069440367    -70.2141940064256   0.362357754476674      -35.5629609140603
4.06   1.47117248317606    -70.3921213109959   0.362357754476674      -35.6079609140604
4.065   1.47298427194844    -70.5702736155662   0.362357754476674      -35.6529609140605
4.07   1.47479606072083    -70.7486509201364   0.362357754476674      -35.6979609140605
4.075   1.47660784949322    -70.9272532247067   0.362357754476674      -35.7429609140606
4.08   1.47841963826561    -71.1060805292771   0.362357754476674      -35.7879609140607
4.085   1.48023142703799    -71.2851328338474   0.362357754476674      -35.8329609140607
4.09   1.48204321581038    -71.4644101384177   0.362357754476674      -35.8779609140608
4.095   1.48385500458277    -71.643912442988   0.362357754476674      -35.9229609140609
4.1   1.48566679335516    -71.8236397475583   0.362357754476674      -35.967960914061
4.105   1.48747858212755    -72.0035920521286   0.362357754476674      -36.012960914061
4.11   1.48929037089993    -72.1837693566989   0.362357754476674      -36.0579609140611
4.115   1.49110215967232    -72.3641716612692   0.362357754476674      -36.1029609140612
4.12   1.49291394844471    -72.5447989658395   0.362357754476674      -36.1479609140613
4.125   1.4947257372171    -72.7256512704098   0.362357754476674      -36.1929609140613
4.13   1.49653752598949    -72.9067285749801   0.362357754476674      -36.2379609140614
4.135   1.49834931476187    -73.0880308795505   0.362357754476674      -36.2829609140615
4.14   1.50016110353426    -73.2695581841207   0.362357754476674      -36.3279609140615
4.145   1.50197289230665    -73.451310488691   0.362357754476674      -36.3729609140616
4.15   1.50378468107904    -73.6332877932613   0.362357754476674      -36.4179609140617
4.155   1.50559646985142    -73.8154900978317   0.362357754476674      -36.4629609140618
4.16   1.50740825862381    -73.997917402402   0.362357754476674      -36.5079609140618
4.165   1.5092200473962    -74.1805697069723   0.362357754476674      -36.5529609140619
4.17   1.51103183616859    -74.3634470115425   0.362357754476674      -36.597960914062
4.175   1.51284362494098    -74.5465493161129   0.362357754476674      -36.6429609140621
4.18   1.51465541371336    -74.7298766206832   0.362357754476674      -36.6879609140621
4.185   1.51646720248575    -74.9134289252535   0.362357754476674      -36.7329609140622
4.19   1.51827899125814    -75.0972062298238   0.362357754476674      -36.7779609140623
4.195   1.52009078003053    -75.2812085343941   0.362357754476674      -36.8229609140623
4.2   1.52190256880292    -75.4654358389644   0.362357754476674      -36.8679609140624
4.205   1.5237143575753    -75.6498881435348   0.362357754476674      -36.9129609140625
4.21   1.52552614634769    -75.8345654481051   0.362357754476674      -36.9579609140626
4.215   1.52733793512008    -76.0194677526754   0.362357754476674      -37.0029609140626
4.22   1.52914972389247    -76.2045950572457   0.362357754476674      -37.0479609140627
4.225   1.53096151266485    -76.389947361816   0.362357754476674      -37.0929609140628
4.23   1.53277330143724    -76.5755246663863   0.362357754476674      -37.1379609140629
4.235   1.53458509020963    -76.7613269709567   0.362357754476674      -37.1829609140629
4.24   1.53639687898202    -76.9473542755269   0.362357754476674      -37.227960914063
4.245   1.53820866775441    -77.1336065800972   0.362357754476674      -37.2729609140631
4.25   1.54002045652679    -77.3200838846675   0.362357754476674      -37.3179609140631
4.255   1.54183224529918    -77.5067861892379   0.362357754476674      -37.3629609140632
4.26   1.54364403407157    -77.6937134938082   0.362357754476674      -37.4079609140633
4.265   1.54545582284396    -77.8808657983785   0.362357754476674      -37.4529609140634
4.27   1.54726761161635    -78.0682431029488   0.362357754476674      -37.4979609140634
4.275   1.54907940038873    -78.2558454075191   0.362357754476674      -37.5429609140635
4.28   1.55089118916112    -78.4436727120895   0.362357754476674      -37.5879609140636
4.285   1.55270297793351    -78.6317250166598   0.362357754476674      -37.6329609140637
4.29   1.5545147667059    -78.8200023212301   0.362357754476674      -37.6779609140637
4.295   1.55632655547828    -79.0085046258004   0.362357754476674      -37.7229609140638
4.3   1.55813834425067    -79.1972319303707   0.362357754476674      -37.7679609140639
4.305   1.55995013302306    -79.3861842349411   0.362357754476674      -37.8129609140639
4.31   1.56176192179545    -79.5753615395114   0.362357754476674      -37.857960914064
4.315   1.56357371056784    -79.7647638440817   0.362357754476674      -37.9029609140641
4.32   1.56538549934022    -79.954391148652   0.362357754476674      -37.9479609140642
4.325   1.56719728811261    -80.1442434532223   0.362357754476674      -37.9929609140642
4.33   1.569009076885    -80.3343207577927   0.362357754476674      -38.0379609140643
4.335   1.57082086565739    -80.524623062363   0.362357754476674      -38.0829609140644
4.34   1.57263265442978    -80.7151503669333   0.362357754476674      -38.1279609140645
4.345   1.57444444320216    -80.9059026715036   0.362357754476674      -38.1729609140645
4.35   1.57625623197455    -81.0968799760739   0.362357754476674      -38.2179609140646
4.355   1.57806802074694    -81.2880822806443   0.362357754476674      -38.2629609140647
4.36   1.57987980951933    -81.4795095852146   0.362357754476674      -38.3079609140647
4.365   1.58169159829171    -81.6711618897849   0.362357754476674      -38.3529609140648
4.37   1.5835033870641    -81.8630391943552   0.362357754476674      -38.3979609140649
4.375   1.58531517583649    -82.0551414989255   0.362357754476674      -38.442960914065
4.38   1.58712696460888    -82.2474688034959   0.362357754476674      -38.487960914065
4.385   1.58893875338127    -82.4400211080662   0.362357754476674      -38.5329609140651
4.39   1.59075054215365    -82.6327984126365   0.362357754476674      -38.5779609140652
4.395   1.59256233092604    -82.8258007172068   0.362357754476674      -38.6229609140653
4.4   1.59437411969843    -83.0190280217771   0.362357754476674      -38.6679609140653
4.405   1.59618590847082    -83.2124803263475   0.362357754476674      -38.7129609140654
4.41   1.59799769724321    -83.4061576309179   0.362357754476674      -38.7579609140655
4.415   1.59980948601559    -83.6000599354881   0.362357754476674      -38.8029609140655
4.42   1.60162127478798    -83.7941872400584   0.362357754476674      -38.8479609140656
4.425   1.60343306356037    -83.9885395446288   0.362357754476674      -38.8929609140657
4.43   1.60524485233276    -84.1831168491991   0.362357754476674      -38.9379609140658
4.435   1.60705664110514    -84.3779191537695   0.362357754476674      -38.9829609140658
4.44   1.60886842987753    -84.5729464583398   0.362357754476674      -39.0279609140659
4.445   1.61068021864992    -84.7681987629101   0.362357754476674      -39.072960914066
4.45   1.61249200742231    -84.9636760674804   0.362357754476674      -39.1179609140661
4.455   1.6143037961947    -85.1593783720508   0.362357754476674      -39.1629609140661
4.46   1.61611558496708    -85.3553056766211   0.362357754476674      -39.2079609140662
4.465   1.61792737373947    -85.5514579811914   0.362357754476674      -39.2529609140663
4.47   1.61973916251186    -85.7478352857617   0.362357754476674      -39.2979609140663
4.475   1.62155095128425    -85.9444375903321   0.362357754476674      -39.3429609140664
4.48   1.62336274005664    -86.1412648949024   0.362357754476674      -39.3879609140665
4.485   1.62517452882902    -86.3383171994728   0.362357754476674      -39.4329609140666
4.49   1.62698631760141    -86.5355945040431   0.362357754476674      -39.4779609140666
4.495   1.6287981063738    -86.7330968086134   0.362357754476674      -39.5229609140667
4.5   1.63060989514619    -86.9308241131837   0.362357754476674      -39.5679609140668
4.505   1.63242168391857    -87.1287764177541   0.362357754476674      -39.6129609140669
4.51   1.63423347269096    -87.3269537223245   0.362357754476674      -39.6579609140669
4.515   1.63604526146335    -87.5253560268948   0.362357754476674      -39.702960914067
4.52   1.63785705023574    -87.7239833314651   0.362357754476674      -39.7479609140671
4.525   1.63966883900813    -87.9228356360354   0.362357754476674      -39.7929609140671
4.53   1.64148062778051    -88.1219129406058   0.362357754476674      -39.8379609140672
4.535   1.6432924165529    -88.3212152451761   0.362357754476674      -39.8829609140673
4.54   1.64510420532529    -88.5207425497464   0.362357754476674      -39.9279609140674
4.545   1.64691599409768    -88.7204948543167   0.362357754476674      -39.9729609140674
4.55   1.64872778287007    -88.9204721588871   0.362357754476674      -40.0179609140675
4.555   1.65053957164245    -89.1206744634574   0.362357754476674      -40.0629609140676
4.56   1.65235136041484    -89.3211017680278   0.362357754476674      -40.1079609140677
4.565   1.65416314918723    -89.5217540725981   0.362357754476674      -40.1529609140677
4.57   1.65597493795962    -89.7226313771684   0.362357754476674      -40.1979609140678
4.575   1.657786726732    -89.9237336817388   0.362357754476674      -40.2429609140679
4.58   1.65959851550439    -90.1250609863091   0.362357754476674      -40.2879609140679
4.585   1.66141030427678    -90.3266132908795   0.362357754476674      -40.332960914068
4.59   1.66322209304917    -90.5283905954498   0.362357754476674      -40.3779609140681
4.595   1.66503388182156    -90.7303929000201   0.362357754476674      -40.4229609140682
4.6   1.66684567059394    -90.9326202045905   0.362357754476674      -40.4679609140682
4.605   1.66865745936633    -91.1350725091608   0.362357754476674      -40.5129609140683
4.61   1.67046924813872    -91.3377498137312   0.362357754476674      -40.5579609140684
4.615   1.67228103691111    -91.5406521183015   0.362357754476674      -40.6029609140685
4.62   1.6740928256835    -91.7437794228718   0.362357754476674      -40.6479609140685
4.625   1.67590461445588    -91.9471317274422   0.362357754476674      -40.6929609140686
4.63   1.67771640322827    -92.1507090320125   0.362357754476674      -40.7379609140687
4.635   1.67952819200066    -92.3545113365829   0.362357754476674      -40.7829609140687
4.64   1.68133998077305    -92.5585386411532   0.362357754476674      -40.8279609140688
4.645   1.68315176954543    -92.7627909457235   0.362357754476674      -40.8729609140689
4.65   1.68496355831782    -92.9672682502939   0.362357754476674      -40.917960914069
4.655   1.68677534709021    -93.1719705548643   0.362357754476674      -40.962960914069
4.66   1.6885871358626    -93.3768978594346   0.362357754476674      -41.0079609140691
4.665   1.69039892463499    -93.5820501640049   0.362357754476674      -41.0529609140692
4.67   1.69221071340737    -93.7874274685753   0.362357754476674      -41.0979609140693
4.675   1.69402250217976    -93.9930297731456   0.362357754476674      -41.1429609140693
4.68   1.69583429095215    -94.198857077716   0.362357754476674      -41.1879609140694
4.685   1.69764607972454    -94.4049093822864   0.362357754476674      -41.2329609140695
4.69   1.69945786849693    -94.6111866868567   0.362357754476674      -41.2779609140695
4.695   1.70126965726931    -94.817688991427   0.362357754476674      -41.3229609140696
4.7   1.7030814460417    -95.0244162959973   0.362357754476674      -41.3679609140697
4.705   1.70489323481409    -95.2313686005677   0.362357754476674      -41.4129609140698
4.71   1.70670502358648    -95.4385459051381   0.362357754476674      -41.4579609140698
4.715   1.70851681235886    -95.6459482097084   0.362357754476674      -41.5029609140699
4.72   1.71032860113125    -95.8535755142787   0.362357754476674      -41.54796091407
4.725   1.71214038990364    -96.0614278188491   0.362357754476674      -41.5929609140701
4.73   1.71395217867603    -96.2695051234195   0.362357754476674      -41.6379609140701
4.735   1.71576396744842    -96.4778074279898   0.362357754476674      -41.6829609140702
4.74   1.7175757562208    -96.6863347325602   0.362357754476674      -41.7279609140703
4.745   1.71938754499319    -96.8950870371305   0.362357754476674      -41.7729609140703
4.75   1.72119933376558    -97.1040643417008   0.362357754476674      -41.8179609140704
4.755   1.72301112253797    -97.3132666462712   0.362357754476674      -41.8629609140705
4.76   1.72482291131036    -97.5226939508416   0.362357754476674      -41.9079609140706
4.765   1.72663470008274    -97.7323462554119   0.362357754476674      -41.9529609140706
4.77   1.72844648885513    -97.9422235599822   0.362357754476674      -41.9979609140707
4.775   1.73025827762752    -98.1523258645526   0.362357754476674      -42.0429609140708
4.78   1.73207006639991    -98.362653169123   0.362357754476674      -42.0879609140709
4.785   1.73388185517229    -98.5732054736934   0.362357754476674      -42.1329609140709
4.79   1.73569364394468    -98.7839827782637   0.362357754476674      -42.177960914071
4.795   1.73750543271707    -98.994985082834   0.362357754476674      -42.2229609140711
4.8   1.73931722148946    -99.2062123874044   0.362357754476674      -42.2679609140711
4.805   1.74112901026185    -99.4176646919747   0.362357754476674      -42.3129609140712
4.81   1.74294079903423    -99.6293419965451   0.362357754476674      -42.3579609140713
4.815   1.74475258780662    -99.8412443011155   0.362357754476674      -42.4029609140714
4.82   1.74656437657901    -100.053371605686   0.362357754476674      -42.4479609140714
4.825   1.7483761653514    -100.265723910256   0.362357754476674      -42.4929609140715
4.83   1.75018795412379    -100.478301214827   0.362357754476674      -42.5379609140716
4.835   1.75199974289617    -100.691103519397   0.362357754476674      -42.5829609140717
4.84   1.75381153166856    -100.904130823967   0.362357754476674      -42.6279609140717
4.845   1.75562332044095    -101.117383128538   0.362357754476674      -42.6729609140718
4.85   1.75743510921334    -101.330860433108   0.362357754476674      -42.7179609140719
4.855   1.75924689798572    -101.544562737678   0.362357754476674      -42.7629609140719
4.86   1.76105868675811    -101.758490042249   0.362357754476674      -42.807960914072
4.865   1.7628704755305    -101.972642346819   0.362357754476674      -42.8529609140721
4.87   1.76468226430289    -102.187019651389   0.362357754476674      -42.8979609140722
4.875   1.76649405307528    -102.40162195596   0.362357754476674      -42.9429609140722
4.88   1.76830584184766    -102.61644926053   0.362357754476674      -42.9879609140723
4.885   1.77011763062005    -102.831501565101   0.362357754476674      -43.0329609140724
4.89   1.77192941939244    -103.046778869671   0.362357754476674      -43.0779609140725
4.895   1.77374120816483    -103.262281174241   0.362357754476674      -43.1229609140725
4.9   1.77555299693722    -103.478008478812   0.362357754476674      -43.1679609140726
4.905   1.7773647857096    -103.693960783382   0.362357754476674      -43.2129609140727
4.91   1.77917657448199    -103.910138087952   0.362357754476674      -43.2579609140727
4.915   1.78098836325438    -104.126540392523   0.362357754476674      -43.3029609140728
4.92   1.78280015202677    -104.343167697093   0.362357754476674      -43.3479609140729
4.925   1.78461194079915    -104.560020001663   0.362357754476674      -43.392960914073
4.93   1.78642372957154    -104.777097306234   0.362357754476674      -43.437960914073
4.935   1.78823551834393    -104.994399610804   0.362357754476674      -43.4829609140731
4.94   1.79004730711632    -105.211926915374   0.362357754476674      -43.5279609140732
4.945   1.79185909588871    -105.429679219945   0.362357754476674      -43.5729609140733
4.95   1.79367088466109    -105.647656524515   0.362357754476674      -43.6179609140733
4.955   1.79548267343348    -105.865858829086   0.362357754476674      -43.6629609140734
4.96   1.79729446220587    -106.084286133656   0.362357754476674      -43.7079609140735
4.965   1.79910625097826    -106.302938438226   0.362357754476674      -43.7529609140735
4.97   1.80091803975065    -106.521815742797   0.362357754476674      -43.7979609140736
4.975   1.80272982852303    -106.740918047367   0.362357754476674      -43.8429609140737
4.98   1.80454161729542    -106.960245351937   0.362357754476674      -43.8879609140738
4.985   1.80635340606781    -107.179797656508   0.362357754476674      -43.9329609140738
4.99   1.8081651948402    -107.399574961078   0.362357754476674      -43.9779609140739
4.995   1.80997698361258    -107.619577265648   0.362357754476674      -44.022960914074
5   1.81178877238497    -107.839804570219   0.362357754476674      -44.0679609140741
