#   t     I     V    
0   0    1
0.005   0.00496261082653429    1
0.01   0.00976467953865237    1
0.015   0.014287953370403    1
0.02   0.0184219986030231    1
0.025   0.0220668891873676    1
0.03   0.0251356138874826    1
0.035   0.0275561441710093    1
0.04   0.0292731139429896    1
0.045   0.030249072240707    1
0.05   0.0304652809205583    1
0.055   0.0299220408954751    1
0.06   0.0286385423317548    1
0.065   0.026652246090123    1
0.07   0.0240178153018294    1
0.075   0.0208056270198893    1
0.08   0.0170999041075272    1
0.085   0.0129965166723757    1
0.09   0.00860051020654039    1
0.095   0.00402342396363826    1
0.1   -0.000619532153068243    1
0.105   -0.00521237090809285    1
0.11   -0.00964121875981904    1
0.115   -0.0137971326972961    1
0.12   -0.0175787733726891    1
0.125   -0.0208948691086496    1
0.13   -0.0236664110509424    1
0.135   -0.0258285268709832    1
0.14   -0.0273319888122606    1
0.145   -0.0281443213008531    1
0.15   -0.0282504835611936    1
0.155   -0.0276531134336769    1
0.16   -0.0263723296091133    1
0.165   -0.0244451005003605    1
0.17   -0.0219241986900382    1
0.175   -0.0188767700605761    1
0.18   -0.0153825560801599    1
0.185   -0.011531816058396    1
0.19   -0.00742300329891692    1
0.195   -0.00316025479492521    1
0.2   0.00114924169400995    1
0.205   0.00539793677260919    1
0.21   0.00948059743494789    1
0.215   0.0132969074503088    1
0.22   0.016753926004841    1
0.225   0.0197683444991591    1
0.23   0.0222684868721935    1
0.235   0.0241960056098213    1
0.24   0.0255072335243505    1
0.245   0.0261741602520887    1
0.25   0.026185011983591    1
0.255   0.0255444229714876    1
0.26   0.0242731976010677    1
0.265   0.0224076720027448    1
0.27   0.0199986940799188    1
0.275   0.0171102501766962    1
0.28   0.0138177751888834    1
0.285   0.0102061905209999    1
0.29   0.00636772073005515    1
0.295   0.0023995448220211    1
0.3   -0.00159865813834928    1
0.305   -0.00552720726069149    1
0.31   -0.00928889943319705    1
0.315   -0.0127914087561722    1
0.32   -0.0159495467176743    1
0.325   -0.0186873279296738    1
0.33   -0.0209397914924101    1
0.335   -0.0226545345066773    1
0.34   -0.0237929217391923    1
0.345   -0.0243309437710467    1
0.35   -0.0242597049101614    1
0.355   -0.0235855314983157    1
0.36   -0.02232970075615    1
0.365   -0.0205277997476992    1
0.37   -0.0182287331752687    1
0.375   -0.0154934073110502    1
0.38   -0.0123931252239453    1
0.385   -0.0090077353788691    1
0.39   -0.00542358150620638    1
0.395   -0.00173130622451565    1
0.4   0.00197643585480635    1
0.405   0.00560729797710075    1
0.41   0.0090715360950101    1
0.415   0.0122842218218374    1
0.42   0.015167319052041    1
0.425   0.0176515736114354    1
0.43   0.0196781703291215    1
0.435   0.0212001180495467    1
0.44   0.0221833301657837    1
0.445   0.0226073760714517    1
0.45   0.0224658872985957    1
0.455   0.0217666108199709    1
0.46   0.0205311108272833    1
0.465   0.0187941290313989    1
0.47   0.0166026219497995    1
0.475   0.0140145015435705    1
0.48   0.0110971127484106    1
0.485   0.00792548773824283    1
0.49   0.00458042201605088    1
0.495   0.00114642152157955    1
0.5   -0.00229042721366562    1
0.505   -0.00564461030839353    1
0.51   -0.00883330943307706    1
0.515   -0.0117784417900928    1
0.52   -0.0144085670472057    1
0.525   -0.0166606147834161    1
0.53   -0.0184813908181407    1
0.535   -0.019828826606217    1
0.54   -0.020672942540273    1
0.545   -0.0209965033365948    1
0.55   -0.0207953515032753    1
0.555   -0.0200784130018782    1
0.56   -0.0188673774121516    1
0.565   -0.0171960629888908    1
0.57   -0.0151094847607877    1
0.575   -0.012662651072349    1
0.58   -0.00991912053514677    1
0.585   -0.00694935707560177    1
0.59   -0.00382892550719203    1
0.595   -0.000636573704829852    1
0.6   0.00254775006448064    1
0.605   0.00564489485053098    1
0.61   0.00857846996234246    1
0.615   0.0112767245752759    1
0.62   0.0136742978699908    1
0.625   0.0157137971358301    1
0.63   0.0173471658688338    1
0.635   0.0185368094023535    1
0.64   0.0192564518823438    1
0.645   0.019491705278035    1
0.65   0.019240338426236    1
0.655   0.018512241658977    1
0.66   0.0173290901699183    1
0.665   0.0157237167453234    1
0.67   0.0137392116356074    1
0.675   0.011427773998049    1
0.68   0.00884934533837276    1
0.685   0.00607006057430083    1
0.69   0.00316055661459388    1
0.695   0.000194181593237358    1
0.7   -0.00275484995280976    1
0.705   -0.00561330966775063    1
0.71   -0.00831076958139245    1
0.715   -0.0107813330919329    1
0.72   -0.0129652402904874    1
0.725   -0.0148103086337542    1
0.73   -0.0162731743584559    1
0.735   -0.0173203052464835    1
0.74   -0.017928761257088    1
0.745   -0.0180866859898822    1
0.75   -0.0177935187654233    1
0.755   -0.0170599241362103    1
0.76   -0.0159074426937494    1
0.765   -0.0143678739412875    1
0.77   -0.0124824085862534    1
0.775   -0.0103005337099773    1
0.78   -0.00787873974665753    1
0.785   -0.00527906291732729    1
0.79   -0.00256750060617151    1
0.795   0.000187659953077492    1
0.8   0.00291755745825323    1
0.805   0.00555447377443662    1
0.81   0.0080335098966065    1
0.815   0.0102941792577291    1
0.82   0.0122818793661412    1
0.825   0.0139492060743223    1
0.83   0.0152570789625842    1
0.835   0.0161756512553641    1
0.84   0.0166849832463228    1
0.845   0.0167754642483904    1
0.85   0.0164479744524213    1
0.855   0.0157137846123724    1
0.86   0.0145941980121256    1
0.865   0.0131199455465876    1
0.87   0.0113303508100806    1
0.875   0.00927228767989387    1
0.88   0.00699895787651122    1
0.885   0.00456852025473473    1
0.89   0.00204260703079684    1
0.895   -0.000515235300107222    1
0.9   -0.00304114101030374    1
0.905   -0.00547251620407339    1
0.91   -0.00774958635161823    1
0.915   -0.00981686212260703    1
0.92   -0.0116244876669871    1
0.925   -0.0131294386829061    1
0.93   -0.0142965415923112    1
0.935   -0.0150992898091727    1
0.94   -0.0155204383121688    1
0.945   -0.0155523633888528    1
0.95   -0.0151971803579171    1
0.955   -0.0144666181503079    1
0.96   -0.0133816556865084    1
0.965   -0.0119719308757995    1
0.97   -0.0102749386384662    1
0.975   -0.00833503947744427    1
0.98   -0.0062023046776176    1
0.985   -0.00393122807998173    1
0.99   -0.00157933747301556    1
0.995   0.000794259106336863    1
1   0.00313035551434403    1
1.005   0.00537112100351774    1
1.01   0.0074615284977639    1
1.015   0.00935070244898307    1
1.02   0.0109931533479368    1
1.025   0.0123498690278351    1
1.03   0.01338923668464    1
1.035   0.014087773943967    1
1.04   0.0144306522164747    1
1.045   0.0144120008757805    1
1.05   0.0140349863307543    1
1.055   0.0133116657079174    1
1.06   0.0122626204684413    1
1.065   0.0109163807186262    1
1.07   0.00930865609887687    1
1.075   0.00748139382886567    1
1.08   0.00548168863229511    1
1.085   0.00336057276439728    1
1.09   0.00117171713681929    1
1.095   -0.00102992348566601    1
1.1   -0.00318948709744068    1
1.105   -0.00525356846666812    1
1.11   -0.00717153671618134    1
1.115   -0.00889677404252778    1
1.12   -0.0103878053491781    1
1.125   -0.0116092915093731    1
1.13   -0.012532862570288    1
1.135   -0.0131377713687698    1
1.14   -0.0134113526422021    1
1.145   -0.0133492776679178    1
1.15   -0.0129555996253654    1
1.155   -0.0122425901169905    1
1.16   -0.0112303724755193    1
1.165   -0.00994636249826375    1
1.17   -0.00842453195983123    1
1.175   -0.00670451454831252    1
1.18   -0.00483057764293003    1
1.185   -0.00285048651331264    1
1.19   -0.000814289997916658    1
1.195   0.0012269415448648    1
1.2   0.00322239426231476    1
1.205   0.00512277289904996    1
1.21   0.00688151567894086    1
1.215   0.0084559321096557    1
1.22   0.00980823598277378    1
1.225   0.0109064486567143    1
1.23   0.0117251511227034    1
1.235   0.0122460672762777    1
1.24   0.0124584651470277    1
1.245   0.0123593674666472    1
1.25   0.0119535677625535    1
1.255   0.0112534530304529    1
1.26   0.0102786388427508    1
1.265   0.00905542737164254    1
1.27   0.00761610313243384    1
1.275   0.00599808517872755    1
1.28   0.00424295791189037    1
1.285   0.00239540552105499    1
1.29   0.000502077280132005    1
1.295   -0.00138958755526117    1
1.3   -0.00323254571793864    1
1.305   -0.00498131718377485    1
1.31   -0.00659310481493213    1
1.315   -0.00802883889614053    1
1.32   -0.00925412114232082    1
1.325   -0.0102400454465488    1
1.33   -0.0109638758733936    1
1.335   -0.0114095660994512    1
1.34   -0.0115681085650303    1
1.345   -0.0114377059246625    1
1.35   -0.01102376185988    1
1.355   -0.0103386928330719    1
1.36   -0.0094015668035696    1
1.365   -0.00823757918646764    1
1.37   -0.00687738030647131    1
1.375   -0.00535627218663041    1
1.38   -0.00371329562879592    1
1.385   -0.00199023111500783    1
1.39   -0.00023053902686922    1
1.395   0.00152173400114772    1
1.4   0.00322305513654033    1
1.405   0.00483148439968041    1
1.41   0.00630770602609246    1
1.415   0.00761598684114981    1
1.42   0.00872503835293099    1
1.425   0.00960876183814256    1
1.43   0.0102468587615166    1
1.435   0.0106252923509655    1
1.44   0.0107365899592982    1
1.445   0.010579979881293    1
1.45   0.010161360460217    1
1.455   0.00949310350592165    1
1.46   0.0085936981530726    1
1.465   0.0074872452113619    1
1.47   0.00620281570346254    1
1.475   0.00477369056248077    1
1.48   0.00323650128998647    1
1.485   0.0016302936913225    1
1.49   -4.46144695550547e-06    1
1.495   -0.0016268857312182    1
1.5   -0.00319671306932241    1
1.505   -0.00467528672413109    1
1.51   -0.00602650888084584    1
1.515   -0.00721771946235578    1
1.52   -0.00822048286069547    1
1.525   -0.0090112637027744    1
1.53   -0.00957197566998742    1
1.535   -0.00989039066859061    1
1.54   -0.00996039921649759    1
1.545   -0.00978211668146546    1
1.55   -0.00936183388023331    1
1.555   -0.00871181443088342    1
1.56   -0.00784994504486988    1
1.565   -0.00679924855708318    1
1.57   -0.00558727283350636    1
1.575   -0.00424537168537971    1
1.58   -0.00280789648459553    1
1.585   -0.00131131925663273    1
1.59   0.000206690423447152    1
1.595   0.0017082114241433    1
1.6   0.00315601623685219    1
1.605   0.00451449183587561    1
1.61   0.00575051349423343    1
1.615   0.00683425017052182    1
1.62   0.00773988194409916    1
1.625   0.00844621230963844    1
1.63   0.00893716088597601    1
1.635   0.00920212517689293    1
1.64   0.00923620336376968    1
1.645   0.00904027362687686    1
1.65   0.008620929094618    1
1.655   0.00799027111806818    1
1.66   0.00716556707218896    1
1.665   0.0061687822086811    1
1.67   0.00502599814723898    1
1.675   0.00376673331778567    1
1.68   0.00242318299080266    1
1.685   0.00102939840129912    1
1.69   -0.000379574158776523    1
1.695   -0.00176857256512344    1
1.7   -0.00310319439479136    1
1.705   -0.0043506470174392    1
1.71   -0.00548055128807073    1
1.715   -0.00646567919599301    1
1.72   -0.00728260761445022    1
1.725   -0.00791227251587613    1
1.73   -0.00834041061052759    1
1.735   -0.00855787826412772    1
1.74   -0.0085608406786974    1
1.745   -0.00835082760043667    1
1.75   -0.00793465516662367    1
1.755   -0.00732421683622903    1
1.76   -0.00653614958351171    1
1.765   -0.0055913845905411    1
1.77   -0.00451459447867269    1
1.775   -0.00333355160262821    1
1.78   -0.00207841403460903    1
1.785   -0.000780957540311611    1
1.79   0.000526226944626467    1
1.795   0.00181055011686216    1
1.8   0.00304023496134234    1
1.805   0.00418510114170374    1
1.81   0.00521730380947954    1
1.815   0.00611200879474501    1
1.82   0.00684798785819448    1
1.825   0.00740811979512952    1
1.83   0.00777978563001554    1
1.835   0.00795514886270788    1
1.84   0.00793131465438704    1
1.845   0.00771036489833938    1
1.85   0.00729926923095415    1
1.855   0.00670967512391685    1
1.86   0.00595758318298911    1
1.865   0.0050629165884968    1
1.87   0.00404899617911264    1
1.875   0.00294193494169461    1
1.88   0.00176996757186144    1
1.885   0.000562732268026099    1
1.89   -0.000649477018477671    1
1.895   -0.00183646905584264    1
1.9   -0.00296890557943947    1
1.905   -0.004019024713529    1
1.91   -0.00496131977223969    1
1.915   -0.00577315688798481    1
1.92   -0.00643531656090466    1
1.925   -0.00693244622683115    1
1.93   -0.00725341325115887    1
1.935   -0.00739155031212077    1
1.94   -0.00734478787388403    1
1.945   -0.00711567129816921    1
1.95   -0.00671126303106907    1
1.955   -0.00614293315726615    1
1.96   -0.00542604436613172    1
1.965   -0.00457953995554036    1
1.97   -0.0036254458467205    1
1.975   -0.00258829964043467    1
1.98   -0.0014945214622494    1
1.985   -0.000371742682426956    1
1.99   0.000751890476387986    1
1.995   0.00184842093301479    1
2   0.00289077477424728    1
2.005   0.0038534281244274    1
2.01   0.00471303047251124    1
2.015   0.00544896927667137    1
2.02   0.00604386224068876    1
2.025   0.00648396555727573    1
2.03   0.00675948859131235    1
2.035   0.00686480787452741    1
2.04   0.00679857584109723    1
2.045   0.00656372238615017    1
2.05   0.00616735000956239    1
2.055   0.00562052594882818    1
2.06   0.00493797724177037    1
2.065   0.00413769703009696    1
2.07   0.00324047256059395    1
2.075   0.00226934721037324    1
2.08   0.00124903041162384    1
2.085   0.000205270543610054    1
2.09   -0.000835793331771671    1
2.095   -0.00184828460696935    1
2.1   -0.00280723085489482    1
2.105   -0.00368917826636268    1
2.11   -0.00447276371852697    1
2.115   -0.0051392305606605    1
2.12   -0.00567287570767461    1
2.125   -0.00606141743327867    1
2.13   -0.0062962753065938    1
2.135   -0.00637275596544993    1
2.14   -0.00629014080907781    1
2.145   -0.00605167416197271    1
2.15   -0.00566445294733983    1
2.155   -0.00513922135074659    1
2.16   -0.00449007629198464    1
2.165   -0.00373409169832598    1
2.17   -0.00289087153244627    1
2.175   -0.00198204322613537    1
2.18   -0.00103070456624542    1
2.185   -6.0838139692656e-05    1
2.19   0.000903291854142097    1
2.195   0.00183774528734644    1
2.2   0.00271949919852255    1
2.205   0.0035270136396408    1
2.21   0.00424075640278106    1
2.215   0.0048436738814092    1
2.22   0.00532159675602778    1
2.225   0.00566357089984563    1
2.23   0.00586210583207776    1
2.235   0.00591333515486441    1
2.24   0.00581708564082208    1
2.245   0.0055768539354948    1
2.25   0.0051996921448222    1
2.255   0.00469600583475732    1
2.26   0.00407927012257488    1
2.265   0.00336567153444787    1
2.27   0.0025736850930882    1
2.275   0.00172359763967494    1
2.28   0.000836989649474274    1
2.285   -6.38112586031468e-05    1
2.29   -0.000956291312813086    1
2.295   -0.00181831201655965    1
2.3   -0.00262865804459961    1
2.305   -0.00336755807954574    1
2.31   -0.00401716583498547    1
2.315   -0.00456198959723495    1
2.32   -0.00498925998558063    1
2.325   -0.00528922724468776    1
2.33   -0.00545538120069273    1
2.335   -0.00548458898760177    1
2.34   -0.00537714773268352    1
2.345   -0.00513675152597699    1
2.35   -0.00477037413628831    1
2.355   -0.00428807102094813    1
2.36   -0.00370270615767663    1
2.365   -0.00302961105564943    1
2.37   -0.00228618493492517    1
2.375   -0.00149144645965448    1
2.38   -0.000665548537972356    1
2.385   0.000170731465857032    1
2.39   0.000996513242130448    1
2.395   0.00179133370887498    1
2.4   0.00253565291803913    1
2.405   0.00321133321679142    1
2.41   0.00380207994457225    1
2.415   0.00429383299095642    1
2.42   0.00467509984153101    1
2.425   0.0049372222645574    1
2.43   0.00507457050054925    1
2.435   0.00508466066616467    1
2.44   0.00496819302593398    1
2.445   0.00472901077131982    1
2.45   0.0043739809267038    1
2.455   0.003912800926902    1
2.46   0.00335773623325792    1
2.465   0.00272329603067694    1
2.47   0.00202585553557909    1
2.475   0.00128323470905308    1
2.48   0.000514244180715264    1
2.485   -0.000261790076351809    1
2.49   -0.00102551133689828    1
2.495   -0.00175801385743121    1
2.5   -0.00244130979085466    1
2.505   -0.00305876977796606    1
2.51   -0.00359552645273656    1
2.515   -0.00403883110128807    1
2.52   -0.00437835495275182    1
2.525   -0.00460642802119188    1
2.53   -0.00471821002414161    1
2.535   -0.00471178963383664    1
2.54   -0.00458821012795798    1
2.545   -0.0043514213519832    1
2.55   -0.00400815973892009    1
2.555   -0.00356775990874071    1
2.56   -0.00304190304547848    1
2.565   -0.00244430878376983    1
2.57   -0.00179037869151995    1
2.575   -0.00109680057898418    1
2.58   -0.000381123770013734    1
2.585   0.000338683882226464    1
2.59   0.00104468607924658    1
2.595   0.00171942401188944    1
2.6   0.00234634708392184    1
2.605   0.0029102178238909    1
2.61   0.00339748110589202    1
2.615   0.00379658876156918    1
2.62   0.00409827184198448    1
2.625   0.00429575414808517    1
2.63   0.00438490215715708    1
2.635   0.00436430809124442    1
2.64   0.00423530456095232    1
2.645   0.00400191093184087    1
2.65   0.00367071325793855    1
2.655   0.00325068126565241    1
2.66   0.00275292741120347    1
2.665   0.00219041443810545    1
2.67   0.00157761909424257    1
2.675   0.000930160701388928    1
2.68   0.000264404079337972    1
2.685   -0.000402953106281884    1
2.69   -0.00105529819123143    1
2.695   -0.00167651612202269    1
2.7   -0.00225138660279685    1
2.705   -0.00276595601615919    1
2.71   -0.00320787505490034    1
2.715   -0.00356669392223145    1
2.72   -0.00383410807452092    1
2.725   -0.00400414876330915    1
2.73   -0.00407331404944286    1
2.735   -0.0040406374752886    1
2.74   -0.00390769315279369    1
2.745   -0.00367853761612215    1
2.75   -0.00335959035798578    1
2.755   -0.00295945647970553    1
2.76   -0.00248869629933601    1
2.765   -0.00195954804540774    1
2.77   -0.00138561088504644    1
2.775   -0.000781496467737641    1
2.78   -0.000162457888031795    1
2.785   0.000455994534357443    1
2.79   0.00105848100094154    1
2.795   0.00163013383566969    1
2.8   0.00215696349446233    1
2.805   0.00262619999502287    1
2.81   0.00302660145749848    1
2.815   0.00334872232680109    1
2.82   0.00358513490586377    1
2.825   0.00373059903813249    1
2.83   0.00378217610598013    1
2.835   0.00373928492554088    1
2.84   0.00360369858189215    1
2.845   0.00337948272478362    1
2.85   0.00307287729740996    1
2.855   0.00269212506309828    1
2.86   0.00224725159304624    1
2.865   0.00174980255080913    1
2.87   0.00121254512786823    1
2.875   0.000649141325127925    1
2.88   7.38014180104704e-05    1
2.885   -0.00049907362656867    1
2.89   -0.00105525180378012    1
2.895   -0.00158102283305192    1
2.9   -0.00206353530528696    1
2.905   -0.00249110994521626    1
2.91   -0.00285352137493822    1
2.915   -0.00314224160515084    1
2.92   -0.0033506394832506    1
2.925   -0.00347413146619429    1
2.93   -0.0035102803314557    1
2.935   -0.00345883975977933    1
2.94   -0.00332174408533337    1
2.945   -0.00310304387810615    1
2.95   -0.00280878936585892    1
2.955   -0.002446864985449    1
2.96   -0.00202677954441636    1
2.965   -0.0015594175444396    1
2.97   -0.00105675814287782    1
2.975   -0.000531568985217094    1
2.98   2.91728773233706e-06    1
2.985   0.000533335681405424    1
2.99   0.00104652229487709    1
2.995   0.00152984027345998    1
3   0.00197149021436542    1
3.005   0.00236079742021271    1
3.01   0.00268846902793717    1
3.015   0.00294681484212524    1
3.02   0.0031299266507956    1
3.025   0.00323381187344094    1
3.03   0.00325647855816608    1
3.035   0.00319796997726201    1
3.04   0.00306034833739546    1
3.045   0.00284762838999831    1
3.05   0.00256566296781583    1
3.055   0.00222198365427881    1
3.06   0.00182560088447887    1
3.065   0.00138676875354267    1
3.07   0.000916720646677547    1
3.075   0.000427382485276029    1
3.08   -6.8929110515118e-05    1
3.085   -0.000559816121719042    1
3.09   -0.00103310814324005    1
3.095   -0.00147716342472967    1
3.1   -0.00188115451072036    1
3.105   -0.00223533148976822    1
3.11   -0.00253125647158141    1
3.115   -0.00276200367452087    1
3.12   -0.00292232040330417    1
3.125   -0.00300874520489379    1
3.13   -0.00301968058350373    1
3.135   -0.00295541880559067    1
3.14   -0.00281812050357788    1
3.145   -0.00261174696338216    1
3.15   -0.00234194812632655    1
3.155   -0.00201590942246038    1
3.16   -0.00164216155308848    1
3.165   -0.00123035823118    1
3.17   -0.000791027647943535    1
3.175   -0.000335304044306678    1
3.18   0.000125353786747453    1
3.185   0.000579449966959719    1
3.19   0.00101573777325308    1
3.195   0.0014234975407233    1
3.2   0.00179279937756914    1
3.205   0.002114744270385    1
3.21   0.00238167774378615    1
3.215   0.00258737096468045    1
3.22   0.0027271650295189    1
3.225   0.00279807512054773    1
3.23   0.00279885224012689    1
3.235   0.00273000130456188    1
3.24   0.00259375547357489    1
3.245   0.00239400768111731    1
3.25   0.00213620139063647    1
3.255   0.00182718359708949    1
3.26   0.00147502401452839    1
3.265   0.00108880519978134    1
3.27   0.000678389050217243    1
3.275   0.00025416566063311    1
3.28   -0.000173209081612957    1
3.285   -0.00059308055164521    1
3.29   -0.00099506041445965    1
3.295   -0.00136928304718443    1
3.3   -0.0017066470419583    1
3.305   -0.00199903589349738    1
3.31   -0.0022395125372796    1
3.315   -0.00242248309462222    1
3.32   -0.00254382598162669    1
3.325   -0.0026009834292761    1
3.33   -0.00259301341907518    1
3.335   -0.00252060103821463    1
3.34   -0.00238602927513809    1
3.345   -0.00219311028516506    1
3.35   -0.00194707913144538    1
3.355   -0.00165445292496803    1
3.36   -0.00132285912620015    1
3.365   -0.000960837509920475    1
3.37   -0.000577620916297057    1
3.375   -0.000182900400662507    1
3.38   0.000213419259426513    1
3.385   0.000601467545934345    1
3.39   0.000971653476200419    1
3.395   0.00131490209182237    1
3.4   0.00162287634352295    1
3.405   0.00188817896171717    1
3.41   0.00210452944079991    1
3.415   0.00226691192064531    1
3.42   0.00237169050426865    1
3.425   0.00241668938650706    1
3.43   0.00240123606353483    1
3.435   0.00232616682433681    1
3.44   0.00219379466948212    1
3.445   0.00200784073608566    1
3.45   0.00177333120757394    1
3.455   0.001496462530657    1
3.46   0.00118443852917767    1
3.465   0.000845283676749914    1
3.47   0.000487637351296594    1
3.475   0.00012053433162487    1
3.48   -0.000246822900909135    1
3.485   -0.000605294330328181    1
3.49   -0.000946029299601208    1
3.495   -0.00126068451028402    1
3.5   -0.00154162777191279    1
3.505   -0.00178212253934746    1
3.51   -0.00197648879125723    1
3.515   -0.00212023642470098    1
3.52   -0.0022101680530181    1
3.525   -0.00224444887861464    1
3.53   -0.00222264214865608    1
3.535   -0.00214570956896581    1
3.54   -0.00201597692777241    1
3.545   -0.00183706604448312    1
3.55   -0.00161379498799897    1
3.555   -0.00135204928385626    1
3.56   -0.00105862753081327    1
3.565   -0.000741065458504187    1
3.57   -0.00040744296393033    1
3.575   -6.61790540448006e-05    1
3.58   0.000274180114305257    1
3.585   0.00060517477291445    1
3.59   0.000918641335601929    1
3.595   0.00120691325576626    1
3.6   0.00146300801851929    1
3.605   0.00168079571956112    1
3.61   0.00185514517498873    1
3.615   0.00198204409547249    1
3.62   0.00205869052930391    1
3.625   0.00208355351440926    1
3.63   0.00205640166075754    1
3.635   0.00197829919188907    1
3.64   0.00185156978727745    1
3.645   0.00167972936564687    1
3.65   0.00146738971344659    1
3.655   0.00122013557368573    1
3.66   0.000944378450963623    1
3.665   0.000647190943384793    1
3.67   0.000336125867961827    1
3.675   1.90247924826381e-05    1
3.68   -0.000296179184146387    1
3.685   -0.000601659454193326    1
3.69   -0.000889889794169096    1
3.695   -0.00115382933639218    1
3.7   -0.00138709408451799    1
3.705   -0.0015841108071199    1
3.71   -0.00174024961290006    1
3.715   -0.00185193206903993    1
3.72   -0.00191671235603185    1
3.725   -0.00193332964179583    1
3.73   -0.00190173058739771    1
3.735   -0.00182306164780029    1
3.74   -0.00169963158495198    1
3.745   -0.00153484534837487    1
3.75   -0.0013331111820207    1
3.755   -0.00109972346827309    1
3.76   -0.000840724404750859    1
3.765   -0.000562748112967051    1
3.77   -0.000272851188008093    1
3.775   2.16659942881206e-05    1
3.78   0.000313442698532155    1
3.785   0.000595241381361592    1
3.79   0.00086012680652586    1
3.795   0.00110163630110163    1
3.8   0.00131393698388745    1
3.805   0.00149196615226008    1
3.81   0.00163155146122097    1
3.815   0.00172950805619907    1
3.82   0.00178371041567584    1
3.825   0.00179313730557185    1
3.83   0.00175788892813284    1
3.835   0.00167917604657919    1
3.84   0.00155928156552882    1
3.845   0.00140149572878591    1
3.85   0.0012100267436802    1
3.855   0.00098988923888987    1
3.86   0.000746773496086898    1
3.865   0.00048689885202181    1
3.87   0.000216855036039253    1
3.875   -5.65645200178259e-05    1
3.88   -0.000326533193045044    1
3.885   -0.000586361230975729    1
3.89   -0.000829661139150073    1
3.895   -0.0010505043116741    1
3.9   -0.00124356507696291    1
3.905   -0.00140424866837398    1
3.91   -0.00152880005678516    1
3.915   -0.00161439108093411    1
3.92   -0.00165918387035231    1
3.925   -0.00166236916044418    1
3.93   -0.00162417873429532    1
3.935   -0.00154587187512009    1
3.94   -0.0014296963606198    1
3.945   -0.00127882515982813    1
3.95   -0.001097270588753    1
3.955   -0.000889778228714334    1
3.96   -0.000661703397464015    1
3.965   -0.000418873376322972    1
3.97   -0.000167438926948982    1
3.975   8.62811286415868e-05    1
3.98   0.00033595834682938    1
3.985   0.000575412156150367    1
3.99   0.000798762495418682    1
3.995   0.00100057383559336    1
4   0.00117598706721098    1
4.005   0.00132083606335223    1
4.01   0.00143174613315665    1
4.015   0.00150621205219525    1
4.02   0.00154265388133739    1
4.025   0.00154044935163366    1
4.03   0.00149994218480196    1
4.035   0.00142242632222459    1
4.04   0.00131010663484986    1
4.045   0.00116603726715675    1
4.05   0.000994039316080711    1
4.055   0.000798600047132774    1
4.06   0.000584756292750202    1
4.065   0.000357965051616384    1
4.07   0.000123964603502161    1
4.075   -0.000111370334666636    1
4.08   -0.000342175763939274    1
4.085   -0.000562744191865754    1
4.09   -0.00076766543810237    1
4.095   -0.000951958991765246    1
4.1   -0.00111119469125608    1
4.105   -0.00124159881190522    1
4.11   -0.00134014303154894    1
4.115   -0.00140461418898524    1
4.12   -0.0014336632436208    1
4.125   -0.00142683237389613    1
4.13   -0.00138455970382152    1
4.135   -0.00130816170728076    1
4.14   -0.00119979389466055    1
4.145   -0.00106239092207734    1
4.15   -0.000899587766818896    1
4.155   -0.000715624071314679    1
4.16   -0.000515234160922336    1
4.165   -0.000303525578457845    1
4.17   -8.58492427954943e-05    1
4.175   0.000132335476010084    1
4.18   0.000345597370785832    1
4.185   0.000548668289545721    1
4.19   0.000736572963425465    1
4.195   0.000904750578596086    1
4.2   0.00104916512973453    1
4.205   0.00116640189383575    1
4.21   0.00125374772830384    1
4.215   0.00130925331679868    1
4.22   0.00133177594939627    1
4.225   0.00132100191840113    1
4.23   0.00127744812508251    1
4.235   0.00120244301276569    1
4.24   0.00109808745510983    1
4.245   0.000967196722323284    1
4.25   0.000813225110366861    1
4.255   0.000640175237609973    1
4.26   0.000452494379822678    1
4.265   0.000254960519089311    1
4.27   5.2561018098333e-05    1
4.275   -0.000149633007054357    1
4.28   -0.000346593458382546    1
4.285   -0.000533460009815844    1
4.29   -0.00070565975509089    1
4.295   -0.00085901881161923    1
4.3   -0.00098986316428336    1
4.305   -0.00109510632107486    1
4.31   -0.0011723216986978    1
4.315   -0.00121979805166917    1
4.32   -0.00123657669285237    1
4.325   -0.00122246971566234    1
4.33   -0.0011780589066732    1
4.335   -0.00110467552001779    1
4.34   -0.00100436155975566    1
4.345   -0.000879813671550583    1
4.35   -0.000734311169364214    1
4.355   -0.000571630106113978    1
4.36   -0.000395945630134057    1
4.365   -0.000211725143914488    1
4.37   -2.36149915785848e-05    1
4.375   0.000163676457847088    1
4.38   0.000345496396091611    1
4.385   0.000517362900250467    1
4.39   0.000675075144517091    1
4.395   0.000814815795706038    1
4.4   0.000933243103876518    1
4.405   0.00102757047430546    1
4.41   0.00109563163501214    1
4.415   0.00113592988644762    1
4.42   0.00114767032723549    1
4.425   0.00113077438159439    1
4.43   0.00108587639936421    1
4.435   0.00101430254721956    1
4.44   0.000918032648531706    1
4.445   0.000799646048583065    1
4.45   0.000662252971163632    1
4.455   0.000509413182526224    1
4.46   0.000345044080835891    1
4.465   0.000173320576459558    1
4.47   -1.43068503394278e-06    1
4.475   -0.000174840083641955    1
4.48   -0.000342604041705318    1
4.485   -0.00050059158295787    1
4.49   -0.000644945801533096    1
4.495   -0.000772177754905803    1
4.5   -0.000879250501786631    1
4.505   -0.00096365126816982    1
4.51   -0.00102345003512587    1
4.515   -0.0010573431924492    1
4.52   -0.00106468128389736    1
4.525   -0.00104548027276721    1
4.53   -0.00100041617075991    1
4.535   -0.000930803288103465    1
4.54   -0.000838556768399126    1
4.545   -0.00072614045762049    1
4.55   -0.000596501513666631    1
4.555   -0.000452993482190314    1
4.56   -0.000299289838427084    1
4.565   -0.000139290216963954    1
4.57   2.29782833330955e-05    1
4.575   0.000183462227351375    1
4.58   0.000338182870948408    1
4.585   0.000483334575026344    1
4.59   0.000615378177919117    1
4.595   0.000731127041114498    1
4.6   0.00082782368266639    1
4.605   0.000903205162376901    1
4.61   0.000955555676354242    1
4.615   0.000983745148252392    1
4.62   0.000987252961899951    1
4.625   0.000966176356031109    1
4.63   0.000921223386948954    1
4.635   0.000853690749532326    1
4.64   0.000765427121479599    1
4.645   0.000658783050826279    1
4.65   0.000536548733888352    1
4.655   0.000401881321942426    1
4.66   0.000258223643182873    1
4.665   0.000109216425941662    1
4.67   -4.13937447783575e-05    1
4.675   -0.000189848415955601    1
4.68   -0.000332470847852479    1
4.685   -0.000465756863152141    1
4.69   -0.000586460724454166    1
4.695   -0.000691673941065298    1
4.7   -0.000778895097597764    1
4.705   -0.000846089034481313    1
4.71   -0.00089173398785188    1
4.715   -0.000914855606202955    1
4.72   -0.000915047095722624    1
4.725   -0.000892475096884028    1
4.73   -0.00084787125276696    1
4.735   -0.000782509785806009    1
4.74   -0.000698171745337709    1
4.745   -0.000597096914935566    1
4.75   -0.000481924668095384    1
4.755   -0.000355625326114154    1
4.76   -0.000221423796651402    1
4.765   -8.27174501877585e-05    1
4.77   5.70096797007528e-05    1
4.775   0.000194274210480473    1
4.78   0.000325680055925568    1
4.785   0.000448002252185404    1
4.79   0.0005582659005302    1
4.795   0.00065381829955475    1
4.8   0.000732392523440256    1
4.805   0.000792160928688031    1
4.81   0.000831777333615025    1
4.815   0.000850406906055845    1
4.82   0.000847743107687965    1
4.825   0.000824011370237544    1
4.83   0.000779959511299062    1
4.835   0.000716835227300001    1
4.84   0.000636351320078445    1
4.845   0.000540639613764244    1
4.85   0.000432194792834946    1
4.855   0.000313809633730566    1
4.86   0.000188503305492775    1
4.865   5.94445747798904e-05    1
4.87   -7.01281363551732e-05    1
4.875   -0.00019698782781272    1
4.88   -0.000317999108612627    1
4.885   -0.000430195505854806    1
4.89   -0.00053085199390609    1
4.895   -0.000617550975358441    1
4.9   -0.000688240121411661    1
4.905   -0.000741280693735845    1
4.91   -0.000775485216944886    1
4.915   -0.000790143644172231    1
4.92   -0.000785037450887362    1
4.925   -0.000760441396602305    1
4.93   -0.00071711300282832    1
4.935   -0.000656270100843244    1
4.94   -0.00057955709695389    1
4.945   -0.000489000878751994    1
4.95   -0.000386957536642209    1
4.955   -0.0002760512946156    1
4.96   -0.00015910722761929    1
4.965   -3.90794856423538e-05    1
4.97   8.10231564482602e-05    1
4.975   0.000198212551362577    1
4.98   0.000309595356209841    1
4.985   0.000412444296558978    1
4.99   0.000504264766796542    1
4.995   0.000582855144940671    1
5   0.000646359368547644    1
