#   t     I     V    
0   0    1
0.005   0.0049502278879316    1
0.01   0.00971609220335173    1
0.015   0.0141816281844499    1
0.02   0.0182397646514359    1
0.025   0.0217948702380883    1
0.03   0.0247649841144378    1
0.035   0.0270836797710178    1
0.04   0.0287015201793221    1
0.045   0.0295870733005409    1
0.05   0.0297274682095025    1
0.055   0.0291284837448567    1
0.06   0.0278141732966072    1
0.065   0.0258260408071442    1
0.07   0.0232217940103655    1
0.075   0.0200737111000652    1
0.08   0.0164666661609739    1
0.085   0.0124958665995231    1
0.09   0.00826436229587463    1
0.095   0.00388039112073257    1
0.1   -0.000545371282760969    1
0.105   -0.00490258802027016    1
0.11   -0.00908399454926108    1
0.115   -0.0129880220677378    1
0.12   -0.0165212469639833    1
0.125   -0.0196006077106704    1
0.13   -0.0221553370857792    1
0.135   -0.0241285653142504    1
0.14   -0.0254785584417982    1
0.145   -0.0261795657469879    1
0.15   -0.0262222600243003    1
0.155   -0.0256137648740489    1
0.16   -0.0243772734556    1
0.165   -0.0225512732420611    1
0.17   -0.0201884009102638    1
0.175   -0.0173539603774122    1
0.18   -0.0141241449438452    1
0.185   -0.0105840113343069    1
0.19   -0.00682525899224429    1
0.195   -0.00294387215074352    1
0.2   0.000962315106362817    1
0.205   0.0047960694172912    1
0.21   0.00846316334806851    1
0.215   0.0118746761142803    1
0.22   0.0149491340292495    1
0.225   0.0176144395594702    1
0.23   0.0198095437488779    1
0.235   0.0214858237037088    1
0.24   0.0226081346242774    1
0.245   0.0231555143248311    1
0.25   0.0231215270797299    1
0.255   0.0225142427472768    1
0.26   0.0213558562227862    1
0.265   0.0196819611342761    1
0.27   0.0175405001005781    1
0.275   0.0149904216197454    1
0.28   0.0121000805613358    1
0.285   0.00894542513857303    1
0.29   0.00560801800154836    1
0.295   0.00217294261642915    1
0.3   -0.00127335169392974    1
0.305   -0.0046452118140358    1
0.31   -0.00785989626838444    1
0.315   -0.0108395921116031    1
0.32   -0.0135132844554789    1
0.325   -0.015818434075641    1
0.33   -0.0177024238566861    1
0.335   -0.0191237410581766    1
0.34   -0.0200528693494921    1
0.345   -0.0204728720869161    1
0.35   -0.0203796561979049    1
0.355   -0.0197819140948471    1
0.36   -0.018700749061788    1
0.365   -0.0171689973439842    1
0.37   -0.0152302675314845    1
0.375   -0.0129377245868251    1
0.38   -0.0103526518631598    1
0.385   -0.00754282955341854    1
0.39   -0.00458077208819652    1
0.395   -0.00154186997151029    1
0.4   0.001497516650681    1
0.405   0.00446196478451062    1
0.41   0.0072788484265877    1
0.415   0.00988010588181808    1
0.42   0.0122038718578674    1
0.425   0.0141959355196034    1
0.43   0.0158109904878485    1
0.435   0.0170136483521278    1
0.44   0.0177791934884723    1
0.445   0.0180940636684546    1
0.45   0.0179560479424773    1
0.455   0.0173742004015379    1
0.46   0.0163684754890165    1
0.465   0.0149690973727702    1
0.47   0.0132156823311378    1
0.475   0.0111561389993777    1
0.48   0.00884537652621287    1
0.485   0.00634385508300211    1
0.49   0.00371601665166611    1
0.495   0.00102863651673729    1
0.5   -0.00165086264800914    1
0.505   -0.00425609180044414    1
0.51   -0.00672333000776601    1
0.515   -0.00899307240286089    1
0.52   -0.0110114542850397    1
0.525   -0.0127315175681798    1
0.53   -0.0141142901112708    1
0.535   -0.015129653475615    1
0.54   -0.015756980206733    1
0.545   -0.0159855276928235    1
0.55   -0.0158145818526855    1
0.555   -0.0152533501974239    1
0.56   -0.0143206100347615    1
0.565   -0.0130441235887761    1
0.57   -0.0114598374451214    1
0.575   -0.00961088886695672    1
0.58   -0.0075464460387313    1
0.585   -0.00532041307942376    1
0.59   -0.00299003363897692    1
0.595   -0.000614428987831891    1
0.6   0.00174689231146534    1
0.605   0.00403551581749613    1
0.61   0.00619555706022382    1
0.615   0.00817501676656    1
0.62   0.00992702283591447    1
0.625   0.0114109296560392    1
0.63   0.0125932492548929    1
0.635   0.0134483932739658    1
0.64   0.0139592097038501    1
0.645   0.014117303615071    1
0.65   0.0139231366108006    1
0.655   0.0133859052842521    1
0.66   0.0125232044436402    1
0.665   0.0113604861365694    1
0.67   0.00993033043545825    1
0.675   0.00827154841801563    1
0.68   0.00642814168656651    1
0.685   0.00444814602715921    1
0.69   0.0023823893411653    1
0.695   0.000283195734702381    1
0.7   -0.00179693140913442    1
0.705   -0.00380661443676409    1
0.71   -0.0056968622761046    1
0.715   -0.00742225639710288    1
0.72   -0.00894203338422772    1
0.725   -0.0102210385439521    1
0.73   -0.0112305284882172    1
0.735   -0.0119488046564603    1
0.74   -0.0123616641579578    1
0.745   -0.0124626590183829    1
0.75   -0.0122531597794161    1
0.755   -0.0117422243052337    1
0.76   -0.0109462774725315    1
0.765   -0.00988861204276723    1
0.77   -0.00859872532433517    1
0.775   -0.00711151012538971    1
0.78   -0.0054663218835853    1
0.785   -0.00370594665939789    1
0.79   -0.00187549683272582    1
0.795   -2.12628027594436e-05    1
0.8   0.00181045026896654    1
0.805   0.00357447162226972    1
0.81   0.00522787162949551    1
0.815   0.00673099916005253    1
0.82   0.00804842470019585    1
0.825   0.00914976699770289    1
0.83   0.0100103841675373    1
0.835   0.0106119137947248    1
0.84   0.0109426505097486    1
0.845   0.0109977536878564    1
0.85   0.0107792822301898    1
0.855   0.0102960577131167    1
0.86   0.00956336143489568    1
0.865   0.0086024749416143    1
0.87   0.00744007737902207    1
0.875   0.00610751640358695    1
0.88   0.00463997231550836    1
0.885   0.00307553748151453    1
0.89   0.00145423494289721    1
0.895   -0.000182998683779279    1
0.9   -0.00179534033193515    1
0.905   -0.00334309202528735    1
0.91   -0.00478865192736836    1
0.915   -0.00609742130869537    1
0.92   -0.00723862572337149    1
0.925   -0.00818603108547936    1
0.93   -0.00891853818352523    1
0.935   -0.00942064239215851    1
0.94   -0.00968274884986728    1
0.945   -0.0097013370786673    1
0.95   -0.00947897283251066    1
0.955   -0.00902416877939906    1
0.96   -0.00835109935315919    1
0.965   -0.00747917866303082    1
0.97   -0.00643251363671317    1
0.975   -0.00523924751702875    1
0.98   -0.00393081136509686    1
0.985   -0.00254110328613395    1
0.99   -0.00110561664235683    1
0.995   0.000339460481063617    1
1   0.00175815185451664    1
1.005   0.00311558315666706    1
1.01   0.0043788336217166    1
1.015   0.00551772862648846    1
1.02   0.00650555428482826    1
1.025   0.00731967728739987    1
1.03   0.00794205578447587    1
1.035   0.00835962998943615    1
1.04   0.00856458430594277    1
1.045   0.00855447607156231    1
1.05   0.00833222938127993    1
1.055   0.00790599582125172    1
1.06   0.00728888722277608    1
1.065   0.00649858865853688    1
1.07   0.00555686277254445    1
1.075   0.00448895909369202    1
1.08   0.00332294417083656    1
1.085   0.00208897013511668    1
1.09   0.000818500604196147    1
1.095   -0.000456486333508524    1
1.1   -0.00170429799318685    1
1.105   -0.00289430994358765    1
1.11   -0.00399771261915528    1
1.115   -0.00498820361894151    1
1.12   -0.00584260918925325    1
1.125   -0.00654142034931234    1
1.13   -0.00706923141793018    1
1.135   -0.00741507127311591    1
1.14   -0.00757262045835465    1
1.145   -0.00754031016740212    1
1.15   -0.00732130211974127    1
1.155   -0.00692335130661228    1
1.16   -0.00635855646927479    1
1.165   -0.0056430058964545    1
1.17   -0.00479632863108722    1
1.175   -0.00384116339815049    1
1.18   -0.00280255945393985    1
1.185   -0.00170732506988098    1
1.19   -0.000583340468007649    1
1.195   0.000541147301737035    1
1.2   0.0016382298215433    1
1.205   0.00268102559419246    1
1.21   0.0036443342947229    1
1.215   0.00450524117429848    1
1.22   0.00524365723869233    1
1.225   0.00584278259615443    1
1.23   0.0062894824325322    1
1.235   0.00657456737055402    1
1.24   0.00669297244518562    1
1.245   0.00664383151432998    1
1.25   0.00643044655826443    1
1.255   0.00606015393615208    1
1.26   0.00554409219908148    1
1.265   0.00489687844461615    1
1.27   0.00413620238038987    1
1.275   0.00328234919223315    1
1.28   0.0023576639409853    1
1.285   0.00138597150484443    1
1.29   0.000391967012932909    1
1.295   -0.000599407737813977    1
1.3   -0.00156358623510039    1
1.305   -0.00247698216068911    1
1.31   -0.00331756245888551    1
1.315   -0.00406537474020155    1
1.32   -0.00470301650124053    1
1.325   -0.00521603524118389    1
1.33   -0.00559325040567233    1
1.335   -0.00582699014132026    1
1.34   -0.00591323804514513    1
1.345   -0.00585168738636938    1
1.35   -0.00564570260531747    1
1.355   -0.00530219019731126    1
1.36   -0.00483138331171578    1
1.365   -0.00424654648346707    1
1.37   -0.00356360881641593    1
1.375   -0.00280073560975045    1
1.38   -0.00197784982199231    1
1.385   -0.00111611587011692    1
1.39   -0.000237399040586839    1
1.395   0.000636285770798473    1
1.4   0.00148332217905163    1
1.405   0.00228302372854952    1
1.41   0.00301613563138767    1
1.415   0.00366529474472386    1
1.42   0.00421543689269063    1
1.425   0.00465414208042723    1
1.43   0.0049719098063744    1
1.435   0.00516235851034181    1
1.44   0.00522234515140923    1
1.445   0.00515200294135301    1
1.45   0.00495469731465588    1
1.455   0.00463690224396391    1
1.46   0.00420800096012719    1
1.465   0.00368001696127008    1
1.47   0.00306728285194603    1
1.475   0.00238605600233041    1
1.48   0.00165409122522395    1
1.485   0.000890181608405003    1
1.49   0.000113679291595526    1
1.495   -0.000655991671599493    1
1.5   -0.0013998181809291    1
1.505   -0.00209966475750597    1
1.51   -0.00273871263441229    1
1.515   -0.00330186071744322    1
1.52   -0.00377607894082359    1
1.525   -0.00415070584174566    1
1.53   -0.00441768366331846    1
1.535   -0.00457172592880323    1
1.54   -0.00461041416847629    1
1.545   -0.00453422227966327    1
1.55   -0.00434646881503027    1
1.555   -0.00405319927888158    1
1.56   -0.00366300222208835    1
1.565   -0.00318676452182393    1
1.57   -0.00263737267435039    1
1.575   -0.00202936818381479    1
1.58   -0.00137856616856612    1
1.585   -0.000701647105813274    1
1.59   -1.57321786507756e-05    1
1.595   0.000662047033713596    1
1.6   0.0013149737748424    1
1.605   0.00192715575129431    1
1.61   0.002483909223345    1
1.615   0.00297210833326152    1
1.62   0.00338049143527574    1
1.625   0.00369991736070251    1
1.63   0.00392356588175712    1
1.635   0.0040470780935423    1
1.64   0.00406863397770643    1
1.645   0.00398896600401514    1
1.65   0.003811309227401    1
1.655   0.00354128990812007    1
1.66   0.00318675618287997    1
1.665   0.00275755570885386    1
1.67   0.00226526645708789    1
1.675   0.0017228879175485    1
1.68   0.00114450087009941    1
1.685   0.000544904554318883    1
1.69   -6.07594779196077e-05    1
1.695   -0.000657387328138104    1
1.7   -0.00123028705958162    1
1.705   -0.00176553813070955    1
1.71   -0.00225032722004604    1
1.715   -0.00267325240295404    1
1.72   -0.00302458852612049    1
1.725   -0.0032965076772783    1
1.73   -0.00348324983777785    1
1.735   -0.00358124010280669    1
1.74   -0.00358915022482282    1
1.745   -0.00350790364518589    1
1.75   -0.00334062459159024    1
1.755   -0.00309253319963132    1
1.76   -0.00277078993180969    1
1.765   -0.00238429378468284    1
1.77   -0.00194343986571918    1
1.775   -0.00145984286019736    1
1.78   -0.000946033673822344    1
1.785   -0.000415137111763971    1
1.79   0.000119461172339015    1
1.795   0.000644450059964938    1
1.8   0.00114692233294344    1
1.805   0.00161468992253529    1
1.81   0.00203657739547976    1
1.815   0.00240268666519497    1
1.82   0.00270462671747177    1
1.825   0.00293570308530474    1
1.83   0.00309106287170682    1
1.835   0.00316779227457357    1
1.84   0.00316496478410129    1
1.845   0.00308363946997746    1
1.85   0.00292681002123952    1
1.855   0.00269930641544283    1
1.86   0.00240765224587111    1
1.865   0.00205988179814164    1
1.87   0.00166532191544788    1
1.875   0.00123434450275109    1
1.88   0.000778096176053463    1
1.885   0.000308212049117085    1
1.89   -0.000163479043322737    1
1.895   -0.000625250465041965    1
1.9   -0.00106576748359061    1
1.905   -0.0014743636500574    1
1.91   -0.00184129716110311    1
1.915   -0.00215798109092005    1
1.92   -0.00241718210512385    1
1.925   -0.00261318311762299    1
1.93   -0.00274190630262207    1
1.935   -0.00280099390223001    1
1.94   -0.00278984534918616    1
1.945   -0.00270961032658335    1
1.95   -0.00256313848451173    1
1.955   -0.00235488760007978    1
1.96   -0.00209079297621675    1
1.965   -0.0017781018017037    1
1.97   -0.00142517701803419    1
1.975   -0.0010412759388368    1
1.98   -0.000636309428856083    1
1.985   -0.000220587859686111    1
1.99   0.000195439689718712    1
1.995   0.000601446432511403    1
2   0.000987482594675466    1
2.005   0.00134421761460799    1
2.01   0.00166316396745169    1
2.015   0.00193687728878198    1
2.02   0.00215912812654024    1
2.025   0.00232504141216213    1
2.03   0.00243120059143101    1
2.035   0.00247571427052209    1
2.04   0.00245824418947952    1
2.045   0.00237999430972289    1
2.05   0.00224366176971921    1
2.055   0.00205335139975528    1
2.06   0.00181445636994334    1
2.065   0.00153350835393891    1
2.07   0.00121800130521846    1
2.075   0.00087619354659692    1
2.08   0.000516893353352943    1
2.085   0.000149233555513564    1
2.09   -0.000217559111364211    1
2.095   -0.000574394118487449    1
2.1   -0.000912541016043905    1
2.105   -0.00122384158791607    1
2.11   -0.00150090517030215    1
2.115   -0.00173728249703647    1
2.12   -0.00192761402486492    1
2.125   -0.00206774937546796    1
2.13   -0.002154835289515    1
2.135   -0.00218737030172992    1
2.14   -0.00216522519396839    1
2.145   -0.00208962914418776    1
2.15   -0.001963122341406    1
2.155   -0.00178947665926073    1
2.16   -0.00157358675355176    1
2.165   -0.00132133465362465    1
2.17   -0.00103943153699679    1
2.175   -0.000735240896924769    1
2.18   -0.000416587721985117    1
2.185   -9.15585964117376e-05    1
2.19   0.000231702205798608    1
2.195   0.000545195523652295    1
2.2   0.000841263990318666    1
2.205   0.00111277778848363    1
2.21   0.00135330500651871    1
2.215   0.00155726255979573    1
2.22   0.00172004417388295    1
2.225   0.00183812253907348    1
2.23   0.00190912342251933    1
2.235   0.0019318702475839    1
2.24   0.00190639840135474    1
2.245   0.00183393929158725    1
2.25   0.00171687492469918    1
2.255   0.00155866449831263    1
2.26   0.00136374517768441    1
2.265   0.0011374098389814    1
2.27   0.000885665099291559    1
2.275   0.000615073401143441    1
2.28   0.000332583268132316    1
2.285   4.53520905932009e-05    1
2.29   -0.000239434068567637    1
2.295   -0.00051473913964493    1
2.3   -0.000773849769235469    1
2.305   -0.0010105378887203    1
2.31   -0.00121920922050467    1
2.315   -0.00139503421189453    1
2.32   -0.00153405836614689    1
2.325   -0.00163328948912331    1
2.33   -0.00169075997362026    1
2.335   -0.00170556288618909    1
2.34   -0.00167786128665644    1
2.345   -0.00160887088182142    1
2.35   -0.00150081677520962    1
2.355   -0.0013568657080538    1
2.36   -0.00118103577747045    1
2.365   -0.000978086151978806    1
2.37   -0.000753389769513004    1
2.375   -0.000512792388231302    1
2.38   -0.00026246165716369    1
2.385   -8.73007579687674e-06    1
2.39   0.000242064184762905    1
2.395   0.000483734622728559    1
2.4   0.000710398027382313    1
2.405   0.00091661669050429    1
2.41   0.00109752779572836    1
2.415   0.00124895693463996    1
2.42   0.00136751313022406    1
2.425   0.00145066323969354    1
2.43   0.00149678414684304    1
2.435   0.00150519172494938    1
2.44   0.00147614614030303    1
2.445   0.00141083365886448    1
2.45   0.0013113256995524    1
2.455   0.00118051643301313    1
2.46   0.0010220407409316    1
2.465   0.000840174815700347    1
2.47   0.000639722082673429    1
2.475   0.000425887458085142    1
2.48   0.000204143207689978    1
2.485   -1.9910160992048e-05    1
2.49   -0.000240684459379818    1
2.495   -0.000452742325660988    1
2.5   -0.000650930268439668    1
2.505   -0.000830503012881535    1
2.51   -0.000987236172039993    1
2.515   -0.00111752459274559    1
2.52   -0.00121846411384886    1
2.525   -0.00128791491431965    1
2.53   -0.00132454510817471    1
2.535   -0.00132785375003963    1
2.54   -0.00129817293643351    1
2.545   -0.00123664921048174    1
2.55   -0.00114520498872904    1
2.555   -0.0010264812155076    1
2.56   -0.00088376290113607    1
2.565   -0.000720889604344371    1
2.57   -0.000542153267290412    1
2.575   -0.000352186095421291    1
2.58   -0.000155841387985542    1
2.585   4.1929636199698e-05    1
2.59   0.000236201911597255    1
2.595   0.00042219840759724    1
2.6   0.000595406821924032    1
2.605   0.000751688254754677    1
2.61   0.000887375266675413    1
2.615   0.000999357019303931    1
2.62   0.00108514954652977    1
2.625   0.0011429495975469    1
2.63   0.00117167091986579    1
2.635   0.00117096230028178    1
2.64   0.00114120714289791    1
2.645   0.00108350482417169    1
2.65   0.000999634514142629    1
2.655   0.000892002579502218    1
2.66   0.000763575077686719    1
2.665   0.000617797202354007    1
2.67   0.000458501841258841    1
2.675   0.000289809650835623    1
2.68   0.000116023232409359    1
2.685   -5.8481890818006e-05    1
2.69   -0.000229366751026666    1
2.695   -0.000392436145153675    1
2.7   -0.000543740944363745    1
2.705   -0.000679673025895569    1
2.71   -0.000797050563424381    1
2.715   -0.000893191679458028    1
2.72   -0.000965974776875978    1
2.725   -0.00101388421817282    1
2.73   -0.00103604040108851    1
2.735   -0.00103221367830856    1
2.74   -0.00100282197666365    1
2.745   -0.00094891237752281    1
2.75   -0.000872127314796167    1
2.755   -0.000774656420490179    1
2.76   -0.000659175391086609    1
2.765   -0.000528773553001333    1
2.77   -0.000386872064930337    1
2.775   -0.000237134903131792    1
2.78   -8.33749280958244e-05    1
2.785   7.05425754700594e-05    1
2.79   0.000220796460448994    1
2.795   0.000363703983641434    1
2.8   0.000495810466092688    1
2.805   0.000613972179913416    1
2.81   0.000715430489100394    1
2.815   0.000797875513399757    1
2.82   0.000859497865738244    1
2.825   0.000899027327698435    1
2.83   0.000915757665738    1
2.835   0.000909557144656382    1
2.84   0.000880864655222462    1
2.845   0.000830671730868529    1
2.85   0.000760491075076468    1
2.855   0.000672312548068279    1
2.86   0.000568547860796648    1
2.865   0.000451965488926644    1
2.87   0.000325617543370068    1
2.875   0.000192760511931926    1
2.88   5.67719149075486e-05    1
2.885   -7.89350065360312e-05    1
2.89   -0.000210996427885479    1
2.895   -0.00033618079434113    1
2.9   -0.000451467361956696    1
2.905   -0.00055411853159823    1
2.91   -0.000641744258040545    1
2.915   -0.000712357034511824    1
2.92   -0.000764416205492126    1
2.925   -0.000796860640874804    1
2.93   -0.000809129105410606    1
2.935   -0.000801167970953398    1
2.94   -0.000773426237473779    1
2.945   -0.000726838144140195    1
2.95   -0.000662793956200974    1
2.955   -0.000583099799516348    1
2.96   -0.000489927675515324    1
2.965   -0.000385757018926906    1
2.97   -0.000273309353551842    1
2.975   -0.000155477753268625    1
2.98   -3.52529231455015e-05    1
2.985   8.43522231629483e-05    1
2.99   0.000200377599565425    1
2.995   0.000309988740144878    1
3   0.000410545569899398    1
3.005   0.00049966549718224    1
3.01   0.000575279332896906    1
3.015   0.000635678738077057    1
3.02   0.000679554127828096    1
3.025   0.000706022209741196    1
3.03   0.000714642602308899    1
3.035   0.00070542325672399    1
3.04   0.000678814686705882    1
3.045   0.00063569328864989    1
3.05   0.000577334301590035    1
3.055   0.000505375206705285    1
3.06   0.00042177059338406    1
3.065   0.000328739717837944    1
3.07   0.000228708146337616    1
3.075   0.000124245004619769    1
3.08   1.79974451256532e-05    1
3.085   -8.73760072668786e-05    1
3.09   -0.000189271563170179    1
3.095   -0.000285204096713021    1
3.1   -0.00037286733450267    1
3.105   -0.000450188858518216    1
3.11   -0.000515378622600289    1
3.115   -0.000566969859314247    1
3.12   -0.000603851456745257    1
3.125   -0.000625291107883387    1
3.13   -0.000630948772886755    1
3.135   -0.000620880240593799    1
3.14   -0.000595530823980671    1
3.145   -0.000555719468637119    1
3.15   -0.000502613787749148    1
3.155   -0.000437696755836543    1
3.16   -0.000362725991364525    1
3.165   -0.000279686730681076    1
3.17   -0.000190739738566289    1
3.175   -9.81655108398706e-05    1
3.18   -4.30619963038323e-06    1
3.185   8.84932693648127e-05    1
3.19   0.000177943416514746    1
3.195   0.000261866328411037    1
3.2   0.000338248312120284    1
3.205   0.000405287820093055    1
3.21   0.000461437515344926    1
3.215   0.00050543950597475    1
3.22   0.000536352959644969    1
3.225   0.000553573507538595    1
3.23   0.000556844058376922    1
3.235   0.000546256860942244    1
3.24   0.000522246872710886    1
3.245   0.000485576707209163    1
3.25   0.00043731363827525    1
3.255   0.000378799330559809    1
3.26   0.000311613137763661    1
3.265   0.000237529959255938    1
3.27   0.000158473768426368    1
3.275   7.64680196842644e-05    1
3.28   -6.41579653453781e-06    1
3.285   -8.81101512161449e-05    1
3.29   -0.000166602729581147    1
3.295   -0.00023998567676988    1
3.3   -0.00030650163940541    1
3.305   -0.000364585500422734    1
3.31   -0.000412900825122376    1
3.315   -0.0004503701798451    1
3.32   -0.000476198647128494    1
3.325   -0.000489890038427968    1
3.33   -0.000491255492883287    1
3.335   -0.000480414343410761    1
3.34   -0.000457787324749492    1
3.345   -0.00042408238718318    1
3.35   -0.000380273559857929    1
3.355   -0.000327573474560323    1
3.36   -0.000267400310531272    1
3.365   -0.000201340049869091    1
3.37   -0.000131105038377272    1
3.375   -5.84899260199587e-05    1
3.38   1.46738871835744e-05    1
3.385   8.65641509036422e-05    1
3.39   0.000155412866667177    1
3.395   0.000219549483231118    1
3.4   0.000277441137047707    1
3.405   0.000327728976056328    1
3.41   0.000369259714176788    1
3.415   0.000401111692818892    1
3.42   0.000422614871017398    1
3.425   0.000433364323641293    1
3.43   0.000433226993439478    1
3.435   0.000422341613239241    1
3.44   0.000401111885124588    1
3.445   0.000370193169658293    1
3.45   0.000330473096102588    1
3.455   0.000283046650324764    1
3.46   0.000229186427180622    1
3.465   0.000170308845616614    1
3.47   0.000107937214987154    1
3.475   4.36626081708158e-05    1
3.48   -2.08964603885471e-05    1
3.485   -8.41345363430549e-05    1
3.49   -0.000144498899594012    1
3.495   -0.00020052743677967    1
3.5   -0.000250883794754259    1
3.505   -0.000294388976585154    1
3.51   -0.00033004864029005    1
3.515   -0.000357075476360473    1
3.52   -0.000374906169985032    1
3.525   -0.000383212594398439    1
3.53   -0.000381907029321706    1
3.535   -0.000371141349276695    1
3.54   -0.000351300276871413    1
3.545   -0.000322988942237551    1
3.55   -0.000287015128086537    1
3.555   -0.000244366707000427    1
3.56   -0.000196184890572762    1
3.565   -0.000143734006234019    1
3.57   -8.83685948576539e-05    1
3.575   -3.14986788644128e-05    1
3.58   2.54459146237596e-05    1
3.585   8.10512785768091e-05    1
3.59   0.000133954311753483    1
3.595   0.000182875910105722    1
3.6   0.000226651661365338    1
3.605   0.000264259312217437    1
3.61   0.000294842366629038    1
3.615   0.000317729277872997    1
3.62   0.000332447812802671    1
3.625   0.000338734291963456    1
3.63   0.000336537539958803    1
3.635   0.000326017513802152    1
3.64   0.000307538709443663    1
3.645   0.000281658574985544    1
3.65   0.000249111280159433    1
3.655   0.00021078730252011    1
3.66   0.000167709388887001    1
3.665   0.000121005533564049    1
3.67   7.18796809174676e-05    1
3.675   2.15809075615524e-05    1
3.68   -2.86281322594013e-05    1
3.685   -7.75027059627306e-05    1
3.69   -0.000123846665681425    1
3.695   -0.000166541524626035    1
3.7   -0.000204573244999221    1
3.705   -0.000237056101214447    1
3.71   -0.000263253062650141    1
3.715   -0.000282592233440512    1
3.72   -0.000294678990390828    1
3.725   -0.000299303571309669    1
3.73   -0.000296443982019571    1
3.735   -0.000286264208103668    1
3.74   -0.000269107834123867    1
3.745   -0.000245487285724505    1
3.75   -0.000216069015968073    1
3.755   -0.000181655053891882    1
3.76   -0.000143161418343811    1
3.765   -0.000101593971684738    1
3.77   -5.80223443280831e-05    1
3.775   -1.35526011125794e-05    1
3.78   3.0700656617102e-05    1
3.785   7.36420539703603e-05    1
3.79   0.000114222383300423    1
3.795   0.000151464064555854    1
3.8   0.000184484511842686    1
3.805   0.000212516852423776    1
3.81   0.000234927516960128    1
3.815   0.000251230303414782    1
3.82   0.000261096609481752    1
3.825   0.00026436162726657    1
3.83   0.000261026396698632    1
3.835   0.000251255718200481    1
3.84   0.000235372027877815    1
3.845   0.000213845437393288    1
3.85   0.000187280233340774    1
3.855   0.00015639821512333    1
3.86   0.000122019324073902    1
3.865   8.50400781431534e-05    1
3.87   4.64103745365733e-05    1
3.875   7.10925618892784e-06    1
3.88   -3.18797437323937e-05    1
3.885   -6.95930622676528e-05    1
3.89   -0.000105110767530946    1
3.895   -0.000137578842838896    1
3.9   -0.000166229558274003    1
3.905   -0.000190399447972194    1
3.91   -0.000209544476821556    1
3.915   -0.000223252055173883    1
3.92   -0.00023124964262527    1
3.925   -0.000233409769776913    1
3.93   -0.000229751397895371    1
3.935   -0.000220437628255518    1
3.94   -0.000205769863379034    1
3.945   -0.000186178609150667    1
3.95   -0.000162211187796073    1
3.955   -0.000134516705000505    1
3.96   -0.000103828678314234    1
3.965   -7.09457869606555e-05    1
3.97   -3.67112440577344e-05    1
3.975   -1.99132021814555e-06    1
3.98   3.23464380246922e-05    1
3.985   6.5454750700292e-05    1
3.99   9.65273762280327e-05    1
3.995   0.00012481860675086    1
4   0.000149661019100844    1
4.005   0.000170481062620861    1
4.01   0.000186812123946719    1
4.015   0.000198304775932362    1
4.02   0.000204733991411068    1
4.025   0.000206003180523774    1
4.03   0.000202144990919206    1
4.035   0.000193318891208513    1
4.04   0.000179805637621589    1
4.045   0.000161998799907655    1
4.05   0.0001403935933041    1
4.055   0.000115573327174574    1
4.06   8.8193836194639e-05    1
4.065   5.89663054747952e-05    1
4.07   2.86389357486233e-05    1
4.075   -2.02208200995443e-06    1
4.08   -3.22518018753242e-05    1
4.085   -6.13054882660947e-05    1
4.09   -8.84768440142731e-05    1
4.095   -0.000113115058074496    1
4.1   -0.00013464026453689    1
4.105   -0.000152557049103521    1
4.11   -0.000166465692159734    1
4.115   -0.000176070897598214    1
4.12   -0.000181187822058205    1
4.125   -0.000181745288531506    1
4.13   -0.000177786139594307    1
4.135   -0.000169464757055131    1
4.14   -0.000157041844786547    1
4.145   -0.000140876638214618    1
4.15   -0.000121416765761016    1
4.155   -9.91860429948197e-05    1
4.16   -7.47705280573241e-05    1
4.165   -4.88032059824403e-05    1
4.17   -2.19476989871843e-05    1
4.175   5.11858096017768e-06    1
4.18   3.17214123226596e-05    1
4.185   5.72064539446237e-05    1
4.19   8.0955234245626e-05    1
4.195   0.000102400051625204    1
4.2   0.000121037429885469    1
4.205   0.0001364398127606    1
4.21   0.000148265229262595    1
4.215   0.000156264715238154    1
4.22   0.000160287334874765    1
4.225   0.000160282707389455    1
4.23   0.000156301007216058    1
4.235   0.000148490469091363    1
4.24   0.000137092490961667    1
4.245   0.000122434486082039    1
4.25   0.000104920689648796    1
4.255   8.50211735078643e-05    1
4.26   6.32593637935271e-05    1
4.265   4.01983898340679e-05    1
4.27   1.64266175795458e-05    1
4.275   -7.45726334946674e-06    1
4.28   -3.08592234052358e-05    1
4.285   -5.32045749734149e-05    1
4.29   -7.3951991799015e-05    1
4.295   -9.26065263448995e-05    1
4.3   -0.000108731314536142    1
4.305   -0.00012195769377394    1
4.31   -0.000131993502881992    1
4.315   -0.00013862938063594    1
4.32   -0.000141742931467148    1
4.325   -0.000141300681487803    1
4.33   -0.000137357803768874    1
4.335   -0.000130055647416364    1
4.34   -0.000119617159056736    1
4.345   -0.000106340336537032    1
4.35   -9.05899017345104e-05    1
4.355   -7.27874212370789e-05    1
4.36   -5.34001393256003e-05    1
4.365   -3.29288163541185e-05    1
4.37   -1.18948866601032e-05    1
4.375   9.17273688328342e-06    1
4.38   2.97508798590156e-05    1
4.385   4.93350166181973e-05    1
4.39   6.74515573778954e-05    1
4.395   8.366921496904e-05    1
4.4   9.7609180628927e-05    1
4.405   0.000108953871147987    1
4.41   0.000117454048084332    1
4.415   0.000122934152631017    1
4.42   0.000125295745940609    1
4.425   0.000124518993091158    1
4.43   0.00012066217818956    1
4.435   0.000113859287117588    1
4.44   0.000104315741920096    1
4.445   9.23024156544702e-05    1
4.45   7.81480975864591e-05    1
4.455   6.22306149576919e-05    1
4.46   4.49668483215516e-05    1
4.465   2.68019019522811e-05    1
4.47   8.19770854698359e-06    1
4.475   -1.03786419935636e-05    1
4.48   -2.84665566749825e-05    1
4.485   -4.56232874469169e-05    1
4.49   -6.1434695391392e-05    1
4.495   -7.55251712251115e-05    1
4.5   -8.75664764432878e-05    1
4.505   -9.72852991444288e-05    1
4.51   -0.000104469353028543    1
4.515   -0.000108971886341667    1
4.52   -0.000110714508650007    1
4.525   -0.0001096882862121    1
4.53   -0.000105953100290998    1
4.535   -9.9635305920883e-05    1
4.54   -9.09237703473891e-05    1
4.545   -8.00644095817217e-05    1
4.55   -6.73533773030538e-05    1
4.555   -5.31290918660886e-05    1
4.56   -3.7763313692032e-05    1
4.565   -2.16515062455965e-05    1
4.57   -5.20272867843279e-06    1
4.575   1.1170683243446e-05    1
4.58   2.70633892471427e-05    1
4.585   4.20870153949726e-05    1
4.59   5.58795799972704e-05    1
4.595   6.81141474822484e-05    1
4.6   7.85065050891941e-05    1
4.605   8.68216840480557e-05    1
4.61   9.28791777972479e-05    1
4.615   9.65567439550011e-05    1
4.62   9.7792713309372e-05    1
4.625   9.65867670915379e-05    1
4.63   9.29991822853127e-05    1
4.635   8.7148582741851e-05    1
4.64   7.92082704748126e-05    1
4.645   6.94012458170553e-05    1
4.65   5.79940563025618e-05    1
4.655   4.52896414618671e-05    1
4.66   3.16193635556834e-05    1
4.665   1.73344321088659e-05    1
4.67   2.79694256485294e-06    1
4.675   -1.16292437830032e-05    1
4.68   -2.55875503119699e-05    1
4.685   -3.87374423342696e-05    1
4.69   -5.07626774545242e-05    1
4.695   -6.13788506033377e-05    1
4.7   -7.03400552977712e-05    1
4.705   -7.74445068268868e-05    1
4.71   -8.2539000736527e-05    1
4.715   -8.55221104614613e-05    1
4.72   -8.63460604340372e-05    1
4.725   -8.50172446556088e-05    1
4.73   -8.15953947005274e-05    1
4.735   -7.61914345850583e-05    1
4.74   -6.8964092051407e-05    1
4.745   -6.01153658098614e-05    1
4.75   -4.98849754320734e-05    1
4.755   -3.85439442573869e-05    1
4.76   -2.63874853178214e-05    1
4.765   -1.3727375468463e-05    1
4.77   -8.84013307376931e-07    1
4.775   1.18216381158052e-05    1
4.78   2.40760224431675e-05    1
4.785   3.55806782847648e-05    1
4.79   4.60594573730564e-05    1
4.795   5.52650993335817e-05    1
4.8   6.29850079280495e-05    1
4.805   6.9046095368529e-05    1
4.81   7.33185860837941e-05    1
4.815   7.57186984883793e-05    1
4.82   7.62101521577022e-05    1
4.825   7.48044776118586e-05    1
4.83   7.15601359052068e-05    1
4.835   6.65804846619474e-05    1
4.84   6.00106553658495e-05    1
4.845   5.20334329219853e-05    1
4.85   4.28642521338062e-05    1
4.855   3.27454462260261e-05    1
4.86   2.19398994232263e-05    1
4.865   1.07242684918759e-05    1
4.87   -6.18053200974346e-07    1
4.875   -1.18040513273812e-05    1
4.88   -2.2558108383974e-05    1
4.885   -3.26187507056859e-05    1
4.89   -4.17449606583647e-05    1
4.895   -4.97219027893608e-05    1
4.9   -5.63659291364919e-05    1
4.905   -6.15287484577748e-05    1
4.91   -6.5100666322565e-05    1
4.915   -6.7012827216413e-05    1
4.92   -6.72384154309961e-05    1
4.925   -6.57927978837188e-05    1
4.93   -6.27326184752269e-05    1
4.935   -5.8153879489367e-05    1
4.94   -5.21890702335355e-05    1
4.945   -4.5003426010118e-05    1
4.95   -3.67904210561737e-05    1
4.955   -2.77666168079979e-05    1
4.96   -1.81660013351728e-05    1
4.965   -8.23396672585911e-06    1
4.97   1.77892163585172e-06    1
4.975   1.16232067094003e-05    1
4.98   2.10567158534209e-05    1
4.985   2.98504793621998e-05    1
4.99   3.77942478260036e-05    1
4.995   4.47014763985066e-05    1
5   5.04136589220588e-05    1
