#   t     I     V    
0   0    1
0.005   0.00493788453509626    1
0.01   0.00966782474384035    1
0.015   0.0140763582487359    1
0.02   0.0180599477068835    1
0.025   0.0215273711942756    1
0.03   0.0244017662681061    1
0.035   0.0266222831261634    1
0.04   0.0281453127317109    1
0.045   0.0289452668849816    1
0.05   0.0290148987119698    1
0.055   0.0283651636166511    1
0.06   0.0270246321161159    1
0.065   0.0250384768713558    1
0.07   0.0224670663783137    1
0.075   0.0193842069558912    1
0.08   0.0158750826498948    1
0.085   0.0120339492874723    1
0.09   0.00796164402542865    1
0.095   0.00376297523762803    1
0.1   -0.00045594057730154    1
0.105   -0.00459032803305336    1
0.11   -0.00853932290584468    1
0.115   -0.0122084007602485    1
0.12   -0.0155116064940959    1
0.125   -0.018373533074369    1
0.13   -0.020731004841903    1
0.135   -0.0225344288497076    1
0.14   -0.0237487865506136    1
0.145   -0.024354247532406    1
0.15   -0.0243463966711804    1
0.155   -0.0237360757918846    1
0.16   -0.0225488504475794    1
0.165   -0.0208241215235426    1
0.17   -0.0186139098212991    1
0.175   -0.0159813493830583    1
0.18   -0.0129989319052813    1
0.185   -0.00974655001578365    1
0.19   -0.00630939133777947    1
0.195   -0.00277573805607574    1
0.2   0.000765271910317965    1
0.205   0.00422586604861414    1
0.21   0.00752178603652793    1
0.215   0.0105743122412418    1
0.22   0.0133121159816376    1
0.225   0.0156728966979407    1
0.23   0.0176047672407608    1
0.235   0.0190673573645642    1
0.24   0.0200326130047784    1
0.245   0.0204852768367397    1
0.25   0.0204230437551572    1
0.255   0.0198563930693663    1
0.26   0.0188081071801961    1
0.265   0.0173124940947406    1
0.27   0.0154143381644205    1
0.275   0.0131676097352156    1
0.28   0.0106339698334213    1
0.285   0.00788111045630285    1
0.29   0.00498097440171392    1
0.295   0.00200790078959252    1
0.3   -0.000963256533770095    1
0.305   -0.00385899066586972    1
0.31   -0.0066089376596014    1
0.315   -0.00914756356249801    1
0.32   -0.0114157026189213    1
0.325   -0.0133619111465277    1
0.33   -0.0149436067767489    1
0.335   -0.0161279685877682    1
0.34   -0.0168925800015459    1
0.345   -0.0172258029981114    1
0.35   -0.017126879049324    1
0.355   -0.0166057590181871    1
0.36   -0.0156826709392802    1
0.365   -0.0143874409288874    1
0.37   -0.0127585883190511    1
0.375   -0.0108422213318353    1
0.38   -0.00869076409011132    1
0.385   -0.00636154940118664    1
0.39   -0.00391531447406235    1
0.395   -0.00141463848849348    1
0.4   0.00107763830237294    1
0.405   0.00349997448584006    1
0.41   0.00579362817429004    1
0.415   0.00790406234488006    1
0.42   0.00978222170549515    1
0.425   0.0113856517131859    1
0.43   0.0126794347882063    1
0.435   0.0136369237246936    1
0.44   0.0142402576658833    1
0.445   0.0144806516475995    1
0.45   0.014358456474434    1
0.455   0.0138829914337759    1
0.46   0.0130721579319338    1
0.465   0.0119518474187194    1
0.47   0.0105551618264529    1
0.475   0.00892146907345614    1
0.48   0.00709531987299362    1
0.485   0.0051252550659385    1
0.49   0.00306253489787862    1
0.495   0.000959823047872986    1
0.5   -0.00113014123352767    1
0.505   -0.00315584980418139    1
0.51   -0.00506827915381322    1
0.515   -0.00682206066745825    1
0.52   -0.00837654010873285    1
0.525   -0.00969670202250561    1
0.53   -0.0107539385218387    1
0.535   -0.0115266461322749    1
0.54   -0.0120006389058044    1
0.545   -0.0121693707690643    1
0.55   -0.0120339649141706    1
0.555   -0.0116030528545923    1
0.56   -0.0108924304339933    1
0.565   -0.00992454248010992    1
0.57   -0.00872781183401597    1
0.575   -0.0073358320639584    1
0.58   -0.0057864462117174    1
0.585   -0.00412073635231921    1
0.59   -0.00238195052520817    1
0.595   -0.000614394684059463    1
0.6   0.00113768230172377    1
0.605   0.0028311828754774    1
0.61   0.00442520752865144    1
0.615   0.00588202895948643    1
0.62   0.00716797080322339    1
0.625   0.00825417084078632    1
0.63   0.0091172118010191    1
0.635   0.0097396064419313    1
0.64   0.0101101274343491    1
0.645   0.010223976577238    1
0.65   0.0100827919456992    1
0.655   0.00969449560831468    1
0.66   0.00907298845086544    1
0.665   0.00823770231428702    1
0.67   0.00721302300917413    1
0.675   0.00602760072967802    1
0.68   0.00471356688980912    1
0.685   0.00330567839107788    1
0.69   0.00184041176185001    1
0.695   0.000355030459955724    1
0.7   -0.00111335111001875    1
0.705   -0.00252868364088146    1
0.71   -0.00385685670123925    1
0.715   -0.00506650935471864    1
0.72   -0.00612975865256446    1
0.725   -0.00702282939421047    1
0.73   -0.0077265712824486    1
0.735   -0.00822685262781087    1
0.74   -0.00851482300063562    1
0.745   -0.00858704060497945    1
0.75   -0.00844546357021777    1
0.755   -0.0080973077383588    1
0.76   -0.00755477678475183    1
0.765   -0.00683467356844613    1
0.77   -0.00595790439373869    1
0.775   -0.0049488903122432    1
0.78   -0.00383490165039085    1
0.785   -0.00264533356656727    1
0.79   -0.00141094159259346    1
0.795   -0.000163056775633806    1
0.8   0.00106719979901716    1
0.805   0.00224968365189508    1
0.81   0.0033559560715543    1
0.815   0.00435995839794071    1
0.82   0.00523861569025484    1
0.825   0.00597235606364    1
0.83   0.00654553430445446    1
0.835   0.00694675094086361    1
0.84   0.0071690606862884    1
0.845   0.00721006701701367    1
0.85   0.00707190251981986    1
0.855   0.00676109747916996    1
0.86   0.00628834189683331    1
0.865   0.00566814868436756    1
0.87   0.0049184280806069    1
0.875   0.00405998536909398    1
0.88   0.00311595565919439    1
0.885   0.0021111908134439    1
0.89   0.00107161452628087    1
0.895   2.35620697529271e-05    1
0.9   -0.00100687868542219    1
0.905   -0.00199450868496054    1
0.91   -0.00291562597130754    1
0.915   -0.00374858634860612    1
0.92   -0.00447430338175346    1
0.925   -0.00507667640709321    1
0.93   -0.00554293721066462    1
0.935   -0.00586390820523813    1
0.94   -0.00603416725234613    1
0.945   -0.00605211667044606    1
0.95   -0.00591995638456315    1
0.955   -0.00564356354616409    1
0.96   -0.00523228322657223    1
0.965   -0.00469863690836923    1
0.97   -0.00405795741709807    1
0.975   -0.00332796060624839    1
0.98   -0.00252826549490672    1
0.985   -0.00167987563021153    1
0.99   -0.000804635184758561    1
0.995   7.53263100987695e-05    1
1   0.000938146654162258    1
1.005   0.00176276745642526    1
1.01   0.00252944140412313    1
1.015   0.00322019827428894    1
1.02   0.00381925886965455    1
1.025   0.00431338753749092    1
1.03   0.00469217561231007    1
1.035   0.0049482499660456    1
1.04   0.0050774028039969    1
1.045   0.00507864086113774    1
1.05   0.00495415418037785    1
1.055   0.00470920664166903    1
1.06   0.00435195230996683    1
1.065   0.00389318343551896    1
1.07   0.00334601753037644    1
1.075   0.00272553232408568    1
1.08   0.0020483585387551    1
1.085   0.00133224129514949    1
1.09   0.000595581550192021    1
1.095   -0.000143030737414623    1
1.1   -0.000865280015058916    1
1.105   -0.00155357370709668    1
1.11   -0.0021914651035758    1
1.115   -0.0027640405455998    1
1.12   -0.0032582619438021    1
1.125   -0.00366325692758171    1
1.13   -0.00397055035267866    1
1.135   -0.00417423245502157    1
1.14   -0.00427106058867496    1
1.145   -0.00426049318275881    1
1.15   -0.00414465625358486    1
1.155   -0.00392824447176634    1
1.16   -0.00361836036919378    1
1.165   -0.00322429673965582    1
1.17   -0.00275726860518085    1
1.175   -0.00223010225786892    1
1.18   -0.0016568898190482    1
1.185   -0.00105261846452752    1
1.19   -0.00043278393293607    1
1.195   0.000187001843801138    1
1.2   0.000791399174130941    1
1.205   0.00136571555875216    1
1.21   0.00189625811419392    1
1.215   0.00237065513623736    1
1.22   0.0027781393798033    1
1.225   0.00310978670837262    1
1.23   0.00335870498085757    1
1.235   0.00352016936462919    1
1.24   0.00359170165559812    1
1.245   0.0035730926141442    1
1.25   0.00346636775333365    1
1.255   0.00327569840791802    1
1.26   0.0030072612352401    1
1.265   0.00266905052084649    1
1.27   0.00227064875383936    1
1.275   0.00182296187500365    1
1.28   0.00133792636398177    1
1.285   0.000828195904378301    1
1.29   0.000306815736798722    1
1.295   -0.000213107026228242    1
1.3   -0.000718728893187952    1
1.305   -0.00119778331076377    1
1.31   -0.00163887426162192    1
1.315   -0.00203174321819624    1
1.32   -0.0023675033075625    1
1.325   -0.00263883546074189    1
1.33   -0.00284014235144837    1
1.335   -0.00296765704689084    1
1.34   -0.00301950446760468    1
1.345   -0.00299571495436551    1
1.35   -0.00289819043783879    1
1.355   -0.00273062487116077    1
1.36   -0.00249838168887832    1
1.365   -0.0022083320713563    1
1.37   -0.00186865869827109    1
1.375   -0.00148863044768967    1
1.38   -0.0010783541216419    1
1.385   -0.000648509742149717    1
1.39   -0.000210076254723432    1
1.395   0.000225945404931912    1
1.4   0.00064880498074938    1
1.405   0.00104826462774075    1
1.41   0.00141484341673487    1
1.415   0.00174003885965722    1
1.42   0.00201652037123863    1
1.425   0.00223829036591609    1
1.43   0.00240080956443386    1
1.435   0.00250108402998019    1
1.44   0.00253771244399845    1
1.445   0.00251089314179815    1
1.45   0.00242239143242171    1
1.455   0.00227546870113683    1
1.46   0.0020747757128429    1
1.465   0.00182621337877303    1
1.47   0.00153676499756361    1
1.475   0.00121430461817632    1
1.48   0.000867386682490778    1
1.485   0.000505022479196157    1
1.49   0.000136449171015699    1
1.495   -0.00022910275891474    1
1.5   -0.000582637858052259    1
1.505   -0.000915614273799951    1
1.51   -0.00122014730113575    1
1.515   -0.00148919313122465    1
1.52   -0.00171670859671127    1
1.525   -0.00189778337649412    1
1.53   -0.00202874186585603    1
1.535   -0.0021072127171568    1
1.54   -0.00213216489112236    1
1.545   -0.00210390990781084    1
1.55   -0.00202407082833722    1
1.555   -0.00189551931267743    1
1.56   -0.00172228286567724    1
1.565   -0.00150942508460561    1
1.57   -0.00126290234099932    1
1.575   -0.000989400853233833    1
1.58   -0.000696158522925454    1
1.585   -0.000390776209465179    1
1.59   -8.10232972566079e-05    1
1.595   0.000225357532785296    1
1.6   0.000520841481490014    1
1.605   0.000798304097835894    1
1.61   0.00105119066845597    1
1.615   0.00127366856464909    1
1.62   0.00146075907197048    1
1.625   0.0016084457956369    1
1.63   0.00171375736522542    1
1.635   0.00177482283779365    1
1.64   0.00179089890209324    1
1.645   0.00176236870008711    1
1.65   0.00169071278768236    1
1.655   0.00157845343712186    1
1.66   0.0014290741224326    1
1.665   0.00124691661161388    1
1.67   0.00103705860143511    1
1.675   0.000805175261341315    1
1.68   0.000557388392790833    1
1.685   0.000300107152540691    1
1.69   3.98644286495436e-05    1
1.695   -0.000216847005414302    1
1.7   -0.000463734499299649    1
1.705   -0.000694857803125325    1
1.71   -0.000904769978806729    1
1.715   -0.00108864365493157    1
1.72   -0.00124237975465134    1
1.725   -0.00136269630970603    1
1.73   -0.00144719550803276    1
1.735   -0.00149440769331874    1
1.74   -0.00150381162757962    1
1.745   -0.00147583092732695    1
1.75   -0.00141180717517675    1
1.755   -0.00131395077735347    1
1.76   -0.00118527116977878    1
1.765   -0.00102948845876172    1
1.77   -0.00085092900561042    1
1.775   -0.000654407818332288    1
1.78   -0.000445100890425175    1
1.785   -0.00022841082107272    1
1.79   -9.82915946551839e-06    1
1.795   0.000205201062715905    1
1.8   0.000411419211415569    1
1.805   0.000603874091479408    1
1.81   0.000778041123378529    1
1.815   0.000929926926350957    1
1.82   0.00105615893802038    1
1.825   0.00115405811206166    1
1.83   0.00122169318832395    1
1.835   0.00125791551206657    1
1.84   0.00126237387816518    1
1.845   0.00123550937965365    1
1.85   0.00117853073524554    1
1.855   0.00109337104541043    1
1.86   0.00098262736976359    1
1.865   0.000849484919544015    1
1.87   0.000697628008612163    1
1.875   0.000531140196931853    1
1.88   0.000354396285746218    1
1.885   0.000171948979173566    1
1.89   -1.15868899032204e-05    1
1.895   -0.000191649661802104    1
1.9   -0.000363842834178962    1
1.905   -0.000524041014176876    1
1.91   -0.000668487320847723    1
1.915   -0.000793879975433104    1
1.92   -0.000897446123983869    1
1.925   -0.00097700128676349    1
1.93   -0.00103099321251069    1
1.935   -0.00105852932285098    1
1.94   -0.00105938735245683    1
1.945   -0.00103400921333103    1
1.95   -0.00098347852632123    1
1.955   -0.000909482659538794    1
1.96   -0.000814260482253187    1
1.965   -0.000700537375412718    1
1.97   -0.000571449328602884    1
1.975   -0.00043045819161221    1
1.98   -0.000281260331806166    1
1.985   -0.000127691072642552    1
1.99   2.63726481531894e-05    1
1.995   0.000177108960502725    1
2   0.000320844702427715    1
2.005   0.000454143754114526    1
2.01   0.000573887971325418    1
2.015   0.000677348843424905    1
2.02   0.000762248263414918    1
2.025   0.000826807094860898    1
2.03   0.000869780545465721    1
2.035   0.000890479700793035    1
2.04   0.000888778925420253    1
2.045   0.000865109193683565    1
2.05   0.000820437759359788    1
2.055   0.000756234904653214    1
2.06   0.000674428815807051    1
2.065   0.000577349908358991    1
2.07   0.000467666163227547    1
2.075   0.000348311230206686    1
2.08   0.000222407203967358    1
2.085   9.31840764533808e-05    1
2.09   -3.61020829658914e-05    1
2.095   -0.000162250172347036    1
2.1   -0.000282192334512688    1
2.105   -0.000393067577455916    1
2.11   -0.000492288996451619    1
2.115   -0.000577603045115208    1
2.12   -0.000647139526405188    1
2.125   -0.000699451227332563    1
2.13   -0.000733542396156494    1
2.135   -0.000748885550918959    1
2.14   -0.000745426405860197    1
2.145   -0.000723577000061035    1
2.15   -0.000684197403204785    1
2.155   -0.000628566649574775    1
2.16   -0.000558343806715534    1
2.165   -0.000475520313629882    1
2.17   -0.000382364919772876    1
2.175   -0.000281362716132276    1
2.18   -0.000175149870024242    1
2.185   -6.64457535929453e-05    1
2.19   4.20158088272663e-05    1
2.195   0.000147554457469021    1
2.2   0.000247608711488069    1
2.205   0.000339797305267814    1
2.21   0.000421974999313262    1
2.215   0.000492281580263991    1
2.22   0.000549182955450844    1
2.225   0.000591503462094428    1
2.23   0.000618448743968674    1
2.235   0.000629618793056174    1
2.24   0.000625011004138996    1
2.245   0.000605013340101869    1
2.25   0.000570387948800412    1
2.255   0.000522245802766371    1
2.26   0.000462013145301113    1
2.265   0.000391390715708631    1
2.27   0.000312306888257805    1
2.275   0.000226865990409845    1
2.28   0.000137293163196052    1
2.285   4.58771885568345e-05    1
2.29   -4.50872659622221e-05    1
2.295   -0.000133356545520132    1
2.3   -0.000216792655863837    1
2.305   -0.000293414347244829    1
2.31   -0.000361443431845745    1
2.315   -0.000419345271047325    1
2.32   -0.00046586253163649    1
2.325   -0.00050004149229934    1
2.33   -0.000521250378609781    1
2.335   -0.000529189411088621    1
2.34   -0.000523892461496727    1
2.345   -0.000505720422053436    1
2.35   -0.000475346595570217    1
2.355   -0.000433734606635872    1
2.36   -0.000382109510420924    1
2.365   -0.000321922932291362    1
2.37   -0.000254813204702678    1
2.375   -0.000182561574890705    1
2.38   -0.000107045635491828    1
2.385   -3.01911789596811e-05    1
2.39   4.6076305189312e-05    1
2.395   0.000119879283591889    1
2.4   0.000189433817982288    1
2.405   0.000253092095208344    1
2.41   0.000309380849616895    1
2.415   0.00035703479811361    1
2.42   0.000395024346917506    1
2.425   0.000422576983677671    1
2.43   0.000439191935094657    1
2.435   0.000444647844165902    1
2.44   0.000439003398216985    1
2.445   0.000422591014553162    1
2.45   0.000396003860544256    1
2.455   0.000360076645132091    1
2.46   0.000315860765328995    1
2.465   0.000264594520866355    1
2.47   0.000207669219841267    1
2.475   0.00014659208562751    1
2.48   8.29469386872498e-05    1
2.485   1.83536650911513e-05    1
2.49   -4.55725039804876e-05    1
2.495   -0.000107260890586549    1
2.5   -0.000165223472958722    1
2.505   -0.000218090281090319    1
2.51   -0.000264641255892792    1
2.515   -0.000303833844757502    1
2.52   -0.000334825724514057    1
2.525   -0.000356992173952852    1
2.53   -0.000369937758805517    1
2.535   -0.0003735021387037    1
2.54   -0.000367759954432503    1
2.545   -0.000353014901039251    1
2.55   -0.000329788234433653    1
2.555   -0.00029880209259489    1
2.56   -0.000260958134230281    1
2.565   -0.000217312104899851    1
2.57   -0.000169045030831625    1
2.575   -0.0001174318119653    1
2.58   -6.38080367401853e-05    1
2.585   -9.53587087809867e-06    1
2.59   4.40301194638694e-05    1
2.595   9.55763631080392e-05    1
2.6   0.000143862084822699    1
2.605   0.000187748752404199    1
2.61   0.000226226481884417    1
2.615   0.000258436800107892    1
2.62   0.000283691264512518    1
2.625   0.000301485551170711    1
2.63   0.000311508741066979    1
2.635   0.000313647658125778    1
2.64   0.000307986237522529    1
2.645   0.000294800026190577    1
2.65   0.000274546036152331    1
2.655   0.000247848282496512    1
2.66   0.000215479438873584    1
2.665   0.000178339131963229    1
2.67   0.000137429470504919    1
2.675   9.38284625910618e-05    1
2.68   4.86620158419562e-05    1
2.685   3.07523809826907e-06    1
2.69   -4.17962388787055e-05    1
2.695   -8.48542033211584e-05    1
2.7   -0.000125064396048208    1
2.705   -0.000161480999522499    1
2.71   -0.00019326851270979    1
2.715   -0.000219720515693326    1
2.72   -0.000240274913589296    1
2.725   -0.000254525343577517    1
2.73   -0.000262228529318764    1
2.735   -0.000263307471083038    1
2.74   -0.000257850464923637    1
2.745   -0.00024610604758436    1
2.75   -0.000228474062992249    1
2.755   -0.000205493138784168    1
2.76   -0.000177824945164384    1
2.765   -0.000146235681568636    1
2.77   -0.00011157529749202    1
2.775   -7.47550011297648e-05    1
2.78   -3.67236422472653e-05    1
2.785   1.5564266205231e-06    1
2.79   3.91334041157518e-05    1
2.795   7.5089415255741e-05    1
2.8   0.00010856264109814    1
2.805   0.000138767676757265    1
2.81   0.000165013644640141    1
2.815   0.000186719653545982    1
2.82   0.000203427267073066    1
2.825   0.000214809724643436    1
2.83   0.000220677743289337    1
2.835   0.000220981815959558    1
2.84   0.000215811010282261    1
2.845   0.000205388358270972    1
2.85   0.00019006301026827    1
2.855   0.000170299403502715    1
2.86   0.000146663765180218    1
2.865   0.000119808330450918    1
2.87   9.04537055495732e-05    1
2.875   5.93698448466586e-05    1
2.88   2.73561367174042e-05    1
2.885   -4.77889339799597e-06    1
2.89   -3.62377537204067e-05    1
2.895   -6.62535335823604e-05    1
2.9   -9.41083545978347e-05    1
2.905   -0.000119150287891911    1
2.91   -0.000140808345296186    1
2.915   -0.000158605206894772    1
2.92   -0.000172167409195359    1
2.925   -0.000181232785839542    1
2.93   -0.000185655024382512    1
2.935   -0.000185405276422618    1
2.94   -0.000180570832383727    1
2.945   -0.00017135094471092    1
2.95   -0.000158049952366545    1
2.955   -0.000141067923655919    1
2.96   -0.000120889092068865    1
2.965   -9.80684096804372e-05    1
2.97   -7.32165836127971e-05    1
2.975   -4.69839922611879e-05    1
2.98   -2.004389882725e-05    1
2.985   6.92461015330185e-06    1
2.99   3.32535342197941e-05    1
2.995   5.83023004416297e-05    1
3   8.14731423061462e-05    1
3.005   0.000102225152101794    1
3.01   0.000120086682010116    1
3.015   0.00013466581563022    1
3.02   0.00014565868424991    1
3.025   0.000152855459441135    1
3.03   0.000156143913995479    1
3.035   0.000155510505276945    1
3.04   0.000151038997190101    1
3.045   0.000142906697603018    1
3.05   0.000131378445751201    1
3.055   0.00011679853750425    1
3.06   9.9580824155932e-05    1
3.065   8.01972615148909e-05    1
3.07   5.91652196253399e-05    1
3.075   3.70338887356466e-05    1
3.08   1.43701336752534e-05    1
3.085   -8.25584366072087e-06    1
3.09   -3.02846755148812e-05    1
3.095   -5.11814852897567e-05    1
3.1   -7.04487012855213e-05    1
3.105   -8.76377246358474e-05    1
3.11   -0.000102359182536554    1
3.115   -0.000114291537546012    1
3.12   -0.000123187868405153    1
3.125   -0.000128880686286243    1
3.13   -0.000131284701368012    1
3.135   -0.000130397506844364    1
3.14   -0.000126298199591287    1
3.145   -0.000119144007453313    1
3.15   -0.000109165041235185    1
3.155   -9.66573338504365e-05    1
3.16   -8.19743686534862e-05    1
3.165   -6.5517332869301e-05    1
3.17   -4.77243594946198e-05    1
3.175   -2.90590415090715e-05    1
3.18   -9.99851531821947e-06    1
3.185   8.97858414210916e-06    1
3.19   2.74039962846711e-05    1
3.195   4.48312448493164e-05    1
3.2   6.08463106049874e-05    1
3.205   7.50773154109857e-05    1
3.21   8.72029951073298e-05    1
3.215   9.69597725454275e-05    1
3.22   0.000104147279994469    1
3.225   0.000108632221156379    1
3.23   0.000110350506024735    1
3.235   0.000109307635731583    1
3.24   0.000105577358238064    1
3.245   9.92986581616412e-05    1
3.25   9.06711841662782e-05    1
3.255   7.99492542188393e-05    1
3.26   6.74346117789156e-05    1
3.265   5.34681339008431e-05    1
3.27   3.84207146791302e-05    1
3.275   2.26835640009695e-05    1
3.28   6.65817187551695e-06    1
3.285   -9.25380745779484e-06    1
3.29   -2.46604998671931e-05    1
3.295   -3.91893409551961e-05    1
3.3   -5.24959623024318e-05    1
3.305   -6.42722255516239e-05    1
3.31   -7.4253220271344e-05    1
3.315   -8.22230703823992e-05    1
3.32   -8.80194261140821e-05    1
3.325   -9.15365531283656e-05    1
3.33   -9.27269667061367e-05    1
3.335   -9.16015958058464e-05    1
3.34   -8.82284984563026e-05    1
3.345   -8.27301854291893e-05    1
3.35   -7.52796425952421e-05    1
3.355   -6.60951730078808e-05    1
3.36   -5.54342068700454e-05    1
3.365   -4.35862505141843e-05    1
3.37   -3.08651638650079e-05    1
3.375   -1.760096918626e-05    1
3.38   -4.13140199335085e-06    1
3.385   9.20658226561177e-06    1
3.39   2.20851347713466e-05    1
3.395   3.41934699388173e-05    1
3.4   4.52452615524642e-05    1
3.405   5.4985305097016e-05    1
3.41   6.31952941215039e-05    1
3.415   6.96985830446165e-05    1
3.42   7.4363836111569e-05    1
3.425   7.71074915230146e-05    1
3.43   7.78950003148793e-05    1
3.435   7.67408305963091e-05    1
3.44   7.37072584750493e-05    1
3.445   6.89019966604122e-05    1
3.45   6.24747396178197e-05    1
3.455   5.46127295964226e-05    1
3.46   4.55354702749221e-05    1
3.465   3.54887336679448e-05    1
3.47   2.47380208996325e-05    1
3.475   1.35616481803949e-05    1
3.48   2.24363562499508e-06    1
3.485   -8.93342165383285e-06    1
3.49   -1.96953234184337e-05    1
3.495   -2.97829053930671e-05    1
3.5   -3.89581928965809e-05    1
3.505   -4.70099231727038e-05    1
3.51   -5.37583106926318e-05    1
3.515   -5.90589506247214e-05    1
3.52   -6.28057788171197e-05    1
3.525   -6.49330314093214e-05    1
3.53   -6.54161729367226e-05    1
3.535   -6.42717878639812e-05    1
3.54   -6.15564562274515e-05    1
3.545   -5.73646588526161e-05    1
3.55   -5.18257808424521e-05    1
3.555   -4.51003031590777e-05    1
3.56   -3.73752906574414e-05    1
3.565   -2.88593004623999e-05    1
3.57   -1.97768467769804e-05    1
3.575   -1.03625668259777e-05    1
3.58   -8.55237524180637e-07    1
3.585   8.50820644368263e-06    1
3.59   1.74985050951577e-05    1
3.595   2.58996144073602e-05    1
3.6   3.3513824261413e-05    1
3.605   4.01663337469581e-05    1
3.61   4.57091800023505e-05    1
3.615   5.00244345694678e-05    1
3.62   5.30266008654614e-05    1
3.625   5.46641672999194e-05    1
3.63   5.49202922542501e-05    1
3.635   5.38126190405728e-05    1
3.64   5.13922405242737e-05    1
3.645   4.77418537996321e-05    1
3.65   4.29731646540185e-05    1
3.655   3.72236190878686e-05    1
3.66   3.06525544725058e-05    1
3.665   2.34368756853499e-05    1
3.67   1.57663714907381e-05    1
3.675   7.83879333785684e-06    1
3.68   -1.4517749319456e-07    1
3.685   -7.9869478889024e-06    1
3.69   -1.54948920990769e-05    1
3.695   -2.24889737757733e-05    1
3.7   -2.88050009171006e-05    1
3.705   -3.42984147733092e-05    1
3.71   -3.88475270253249e-05    1
3.715   -4.23561346895344e-05    1
3.72   -4.47554588294737e-05    1
3.725   -4.60053708278457e-05    1
3.73   -4.60948882354024e-05    1
3.735   -4.50419406043964e-05    1
3.74   -4.28924237760995e-05    1
3.745   -3.97185783829694e-05    1
3.75   -3.56167444318202e-05    1
3.755   -3.07045583767606e-05    1
3.76   -2.51176717368941e-05    1
3.765   -1.90060807837456e-05    1
3.77   -1.2530164895715e-05    1
3.775   -5.85653669339136e-06    1
3.78   8.46190061887788e-07    1
3.785   7.41160862829906e-06    1
3.79   1.36795997605835e-05    1
3.795   1.95001857232135e-05    1
3.8   2.47370663791918e-05    1
3.805   2.92707553508739e-05    1
3.81   3.30012455716e-05    1
3.815   3.58501464222135e-05    1
3.82   3.77622487290821e-05    1
3.825   3.87064888205069e-05    1
3.83   3.86762982125685e-05    1
3.835   3.76893409350952e-05    1
3.84   3.57866556302715e-05    1
3.845   3.3031233991656e-05    1
3.85   2.95060805146771e-05    1
3.855   2.53118105871948e-05    1
3.86   2.05638543853667e-05    1
3.865   1.53893426256709e-05    1
3.87   9.92375677813546e-06    1
3.875   4.30743074164676e-06    1
3.88   -1.31800685166633e-06    1
3.885   -6.81316061446558e-06    1
3.89   -1.20442798583332e-05    1
3.895   -1.68864711088185e-05    1
3.9   -2.12266356210155e-05    1
3.905   -2.49660639623563e-05    1
3.91   -2.80226293967217e-05    1
3.915   -3.03325327457197e-05    1
3.92   -3.18515633261066e-05    1
3.925   -3.25558531546849e-05    1
3.93   -3.24421145503008e-05    1
3.935   -3.15273642205434e-05    1
3.94   -2.98481495773444e-05    1
3.945   -2.74593050728555e-05    1
3.95   -2.44322774971411e-05    1
3.955   -2.08530691719496e-05    1
3.96   -1.68198565828851e-05    1
3.965   -1.24403490266699e-05    1
3.97   -7.82895716406884e-06    1
3.975   -3.10384486079391e-06    1
3.98   1.61606068647778e-06    1
3.985   6.21402581134229e-06    1
3.99   1.05783616129628e-05    1
3.995   1.46051008272189e-05    1
4   1.82004371046016e-05    1
4.005   2.12828704441972e-05    1
4.01   2.3785010782691e-05    1
4.015   2.56550010317749e-05    1
4.02   2.68575309484868e-05    1
4.025   2.73744238472323e-05    1
4.03   2.72047890473251e-05    1
4.035   2.63647438218868e-05    1
4.04   2.48867192039925e-05    1
4.045   2.28183740568199e-05    1
4.05   2.02211510868356e-05    1
4.055   1.71685167567601e-05    1
4.06   1.3743934150563e-05    1
4.065   1.00386236009583e-05    1
4.07   6.14917019149092e-06    1
4.075   2.17504000913985e-06    1
4.08   -1.78393179229556e-06    1
4.085   -5.63001845480661e-06    1
4.09   -9.26998388271814e-06    1
4.095   -1.26173124015054e-05    1
4.1   -1.55942334669688e-05    1
4.105   -1.81334947702695e-05    1
4.11   -2.01798442200903e-05    1
4.115   -2.16911891749439e-05    1
4.12   -2.26394098362105e-05    1
4.125   -2.30108126733285e-05    1
4.13   -2.28062189075324e-05    1
4.135   -2.20406921996751e-05    1
4.14   -2.07429185458891e-05    1
4.145   -1.89542597674149e-05    1
4.15   -1.67275096886307e-05    1
4.155   -1.41253889510955e-05    1
4.16   -1.12188202564517e-05    1
4.165   -8.085030540167e-06    1
4.17   -4.80553005448234e-06    1
4.175   -1.46402051794235e-06    1
4.18   1.85571466090643e-06    1
4.185   5.07188555462208e-06    1
4.19   8.10668552025057e-06    1
4.195   1.08881478666965e-05    1
4.2   1.33518257423775e-05    1
4.205   1.54422567326822e-05    1
4.21   1.71141796540396e-05    1
4.215   1.83334777293334e-05    1
4.22   1.90778295499934e-05    1
4.225   1.93370567855904e-05    1
4.23   1.91131652993167e-05    1
4.235   1.84200839743701e-05    1
4.24   1.72831129635817e-05    1
4.245   1.57381000634663e-05    1
4.25   1.38303703184965e-05    1
4.255   1.16134396334329e-05    1
4.26   9.14754798331606e-06    1
4.265   6.49805165806478e-06    1
4.27   3.733716783061e-06    1
4.275   9.24958067314107e-07    1
4.28   -1.85793267653912e-06    1
4.285   -4.54652421630017e-06    1
4.29   -7.07590736502469e-06    1
4.295   -9.38624042629975e-06    1
4.3   -1.14241423822946e-05    1
4.305   -1.31439019845803e-05    1
4.31   -1.45084760171327e-05    1
4.315   -1.549025568327e-05    1
4.32   -1.60715861729331e-05    1
4.325   -1.62450308352687e-05    1
4.33   -1.60133778517114e-05    1
4.335   -1.5389393714758e-05    1
4.34   -1.43953340097951e-05    1
4.345   -1.30622278221718e-05    1
4.35   -1.14289574114323e-05    1
4.355   -9.54115948631694e-06    1
4.36   -7.44997837259469e-06    1
4.365   -5.21070450575439e-06    1
4.37   -2.88133393854175e-06    1
4.375   -5.21085888719253e-07    1
4.38   1.81108425179952e-06    1
4.385   4.05793956260804e-06    1
4.39   6.16534845234069e-06    1
4.395   8.0835705783259e-06    1
4.4   9.76841175245395e-06    1
4.405   1.11822215222611e-05    1
4.41   1.22947114670102e-05    1
4.415   1.30835770673387e-05    1
4.42   1.35349111664524e-05    1
4.425   1.36434024072509e-05    1
4.43   1.34123174667583e-05    1
4.435   1.28532712810063e-05    1
4.44   1.19857946282431e-05    1
4.445   1.08367132913638e-05    1
4.45   9.43935743724751e-06    1
4.455   7.83262372947981e-06    1
4.46   6.05991594509155e-06    1
4.465   4.16799242573557e-06    1
4.47   2.20575050786451e-06    1
4.475   2.22979112996754e-07    1
4.48   -1.73088907408563e-06    1
4.485   -3.60799494677238e-06    1
4.49   -5.36321023600326e-06    1
4.495   -6.95520708691576e-06    1
4.5   -8.34741500152179e-06    1
4.505   -9.50884341718655e-06    1
4.51   -1.04147518936301e-05    1
4.515   -1.10471539660332e-05    1
4.52   -1.1395145080869e-05    1
4.525   -1.14550495516454e-05    1
4.53   -1.12303860391407e-05    1
4.535   -1.07316555610804e-05    1
4.54   -9.97596035931036e-06    1
4.545   -8.98646599444845e-06    1
4.55   -7.79172270357692e-06    1
4.555   -6.42486526158076e-06    1
4.56   -4.92271325990653e-06    1
4.565   -3.32479580088218e-06    1
4.57   -1.67232605993203e-06    1
4.575   -7.1519669888802e-09    1
4.58   1.62929060625299e-06    1
4.585   3.19699628671249e-06    1
4.59   4.65835555270818e-06    1
4.595   5.97904402700271e-06    1
4.6   7.12881501934548e-06    1
4.605   8.08217738166501e-06    1
4.61   8.81894388912589e-06    1
4.615   9.32463882163369e-06    1
4.62   9.59075710196816e-06    1
4.625   9.61487115360119e-06    1
4.63   9.40058547701234e-06    1
4.635   8.95734271250883e-06    1
4.64   8.30008856805203e-06    1
4.645   7.4488063557792e-06    1
4.65   6.42793492175295e-06    1
4.655   5.26568640033796e-06    1
4.66   3.99328241882048e-06    1
4.665   2.64412907300006e-06    1
4.67   1.25295215720271e-06    1
4.675   -1.45085257045276e-07    1
4.68   -1.51526074611996e-06    1
4.685   -2.82414431140027e-06    1
4.69   -4.04040337967553e-06    1
4.695   -5.13554191408371e-06    1
4.7   -6.08455648546845e-06    1
4.705   -6.86649450712245e-06    1
4.71   -7.46490251436005e-06    1
4.715   -7.86815530228774e-06    1
4.72   -8.06965984354827e-06    1
4.725   -8.06793111270166e-06    1
4.73   -7.86654016427367e-06    1
4.735   -7.47393796737267e-06    1
4.74   -6.90316151415602e-06    1
4.745   -6.17143152016512e-06    1
4.75   -5.29965355602878e-06    1
4.755   -4.31183663469775e-06    1
4.76   -3.23444507799186e-06    1
4.765   -2.09570086295687e-06    1
4.77   -9.24854575608185e-07    1
4.775   2.48556438058849e-07    1
4.78   1.39544413976018e-06    1
4.785   2.48788196700997e-06    1
4.79   3.49977588939111e-06    1
4.795   4.40747845718587e-06    1
4.8   5.19033163352174e-06    1
4.805   5.8311262105672e-06    1
4.81   6.31646788676085e-06    1
4.815   6.6370425645934e-06    1
4.82   6.78777605206186e-06    1
4.825   6.76788604819157e-06    1
4.83   6.5808269959349e-06    1
4.835   6.23413102730643e-06    1
4.84   5.73915074148659e-06    1
4.845   5.11071188672998e-06    1
4.85   4.36668610680222e-06    1
4.855   3.52749571478364e-06    1
4.86   2.61556393180985e-06    1
4.865   1.65472514485077e-06    1
4.87   6.69610474543779e-07    1
4.875   -3.14975710256183e-07    1
4.88   -1.27467274192857e-06    1
4.885   -2.18615891067544e-06    1
4.89   -3.02771067144131e-06    1
4.895   -3.77971258588195e-06    1
4.9   -4.42510623289995e-06    1
4.905   -4.94976803614944e-06    1
4.91   -5.34280789081644e-06    1
4.915   -5.59678257323499e-06    1
4.92   -5.70782013058905e-06    1
4.925   -5.67565371733194e-06    1
4.93   -5.50356561289191e-06    1
4.935   -5.19824436561469e-06    1
4.94   -4.76956010701086e-06    1
4.945   -4.23026501820354e-06    1
4.95   -3.59562766184566e-06    1
4.955   -2.88301137842751e-06    1
4.96   -2.11140815331692e-06    1
4.965   -1.30094026501272e-06    1
4.97   -4.72342608832301e-07    1
4.975   3.5356115528891e-07    1
4.98   1.15637555761654e-06    1
4.985   1.91663070046572e-06    1
4.99   2.61624809600399e-06    1
4.995   3.23896397751739e-06    1
5   3.77070034490155e-06    1
