#   t     y     vy     err          
0   0    0   0  
0.005   0.000112312808772353    0.0448876871912277   7.46314742861368e-11    
0.01   0.000448503891031096    0.0895514961089689   1.4851813388058e-10    
0.015   0.00100745664923076    0.133992543350769   2.21666927218214e-10    
0.02   0.00178806005487938    0.178211939945121   2.94082101118948e-10    
0.025   0.00278920862076267    0.222210791379237   3.65769118552267e-10    
0.03   0.00400980237330684    0.265990197626693   4.36733423730962e-10    
0.035   0.00544874682507918    0.309551253174921   5.06980984103789e-10    
0.04   0.00710495294742579    0.352895047052575   5.76517189890269e-10    
0.045   0.00897733714324586    0.396022662856755   6.45347173269806e-10    
0.05   0.0110648212199017    0.438935178780099   7.13475493963056e-10    
0.055   0.0133663323622637    0.481633667637737   7.80909281683506e-10    
0.06   0.0158808031058901    0.52411919689411   8.47651532298599e-10    
0.065   0.0186071713103402    0.56639282868966   9.13709320010669e-10    
0.07   0.021544380132621    0.608455619867379   9.79086509783622e-10    
0.075   0.0246913780007658    0.650308621999234   1.04379007867528e-09    
0.08   0.0280471185875448    0.691952881412455   1.1078229722461e-09    
0.085   0.0316105607843073    0.733389439215692   1.17119078324457e-09    
0.09   0.0353806686749533    0.774619331325046   1.23389957279452e-09    
0.095   0.0393564115100365    0.815643588489963   1.29595367076574e-09    
0.1   0.0435367636809941    0.856463236319006   1.35735842010654e-09    
0.105   0.047920704694508    0.897079295305492   1.41811745679732e-09    
0.11   0.0525072191469914    0.937492780853008   1.47823743523734e-09    
0.115   0.0572952966992042    0.977704703300795   1.53772219957382e-09    
0.12   0.0622839320509942    1.01771606794901   1.59657676662706e-09    
0.125   0.0674721249161644    1.05752787508384   1.65480533442786e-09    
0.13   0.0728588799974664    1.09714112000253   1.71241466839778e-09    
0.135   0.0784432069617174    1.13655679303828   1.76940750939991e-09    
0.14   0.0842241204150416    1.17577587958496   1.82578881180451e-09    
0.145   0.0902006398782362    1.21479936012176   1.88156436264908e-09    
0.15   0.0963717897622585    1.25362821023774   1.93673831139218e-09    
0.155   0.102736599343836    1.29226340065616   1.9913148907591e-09    
0.16   0.109294102741201    1.3307058972588   2.0452984583752e-09    
0.165   0.116043338889937    1.36895666111006   2.09869392697737e-09    
0.17   0.12298335151896    1.40701664848104   2.15150638971373e-09    
0.175   0.130113189126606    1.44488681087339   2.20373982950939e-09    
0.18   0.137431904956847    1.48256809504315   2.25539870113423e-09    
0.185   0.144938556975618    1.52006144302438   2.30648750099149e-09    
0.19   0.152632207847271    1.55736779215273   2.35701055895099e-09    
0.195   0.160511924911137    1.59448807508886   2.40697151099312e-09    
0.2   0.168576780158213    1.63142321984179   2.45637654661124e-09    
0.205   0.176825850207959    1.66817414979204   2.50522830258504e-09    
0.21   0.185258216285216    1.70474178371478   2.55353174716255e-09    
0.215   0.193872964197233    1.74112703580277   2.60129104368012e-09    
0.22   0.202669184310817    1.77733081568918   2.64851032771851e-09    
0.225   0.211645971529588    1.81335402847041   2.69519390139195e-09    
0.23   0.220802425271352    1.84919757472865   2.74134592803676e-09    
0.235   0.230137649445591    1.88486235055441   2.78697073752276e-09    
0.24   0.239650752431053    1.92034924756895   2.8320730482978e-09    
0.245   0.249340847053468    1.95565915294653   2.87665499754119e-09    
0.25   0.259207050563366    1.99079294943663   2.92072205310134e-09    
0.255   0.269248484614007    2.02575151538599   2.96427771218077e-09    
0.26   0.279464275239424    2.06053572476058   3.00732727609443e-09    
0.265   0.289853552832574    2.09514644716743   3.04987302079951e-09    
0.27   0.300415452123598    2.12958454787641   3.09191927616581e-09    
0.275   0.311149112158186    2.16385088784182   3.13346976144047e-09    
0.28   0.322053676276059    2.19794632372395   3.17452958364939e-09    
0.285   0.333128292089546    2.23187170791046   3.21510185141705e-09    
0.29   0.344372111462278    2.26562788853773   3.25519078359093e-09    
0.295   0.355784290487983    2.29921570951202   3.29479926675091e-09    
0.3   0.367363989469393    2.33263601053061   3.33393190832254e-09    
0.305   0.379110372897242    2.36588962710276   3.37259170590798e-09    
0.31   0.391022609429387    2.39897739057062   3.41078432164466e-09    
0.315   0.403099871870022    2.43190012812998   3.44851081024444e-09    
0.32   0.415341337148995    2.46465866285101   3.48577638975556e-09    
0.325   0.427746186301234    2.49725381369877   3.52258433533592e-09    
0.33   0.440313604446274    2.52968639555373   3.55893875481073e-09    
0.335   0.453042780767882    2.56195721923212   3.59484308987135e-09    
0.34   0.465932908493788    2.59406709150621   3.63030094874262e-09    
0.345   0.478983184875515    2.62601681512448   3.66531449635943e-09    
0.35   0.492192811168311    2.65780718883169   3.69988933934806e-09    
0.355   0.50556099261118    2.68943900738882   3.73402864184413e-09    
0.36   0.519086938407014    2.72091306159299   3.76773412469333e-09    
0.365   0.532769861702821    2.75223013829718   3.80101095043273e-09    
0.37   0.546608979570055    2.78339102042995   3.83386278279829e-09    
0.375   0.560603512985042    2.81439648701496   3.86629173121378e-09    
0.38   0.574752686809505    2.8452473131905   3.89830245861589e-09    
0.385   0.589055729771186    2.87594427022882   3.92989651931686e-09    
0.39   0.603511874444562    2.90648812555544   3.96107968647641e-09    
0.395   0.618120357231662    2.93687964276834   3.99185284827297e-09    
0.4   0.632880418342975    2.96711958165703   4.02222122275475e-09    
0.405   0.647791301778457    2.99720869822155   4.05218758547932e-09    
0.41   0.662852255308629    3.02714774469137   4.08175448995962e-09    
0.415   0.678062530455772    3.05693746954423   4.11092637708776e-09    
0.42   0.693421382475216    3.08657861752479   4.13970524526519e-09    
0.425   0.70892807033672    3.11607192966328   4.16809442516097e-09    
0.43   0.724581856705947    3.14541814329406   4.19609857971182e-09    
0.435   0.740382007926031    3.17461799207397   4.22371870811844e-09    
0.44   0.756327793999232    3.20367220600077   4.25095902922834e-09    
0.445   0.772418488568693    3.23258151143131   4.27782409495592e-09    
0.45   0.788653368900273    3.26134663109973   4.30431301712275e-09    
0.455   0.805031715864487    3.28996828413552   4.33043256808929e-09    
0.46   0.821552813918519    3.31844718608149   4.3561851903462e-09    
0.465   0.83821595108834    3.34678404891167   4.38157243820569e-09    
0.47   0.855020418950905    3.3749795810491   4.40659786438147e-09    
0.475   0.871965512616445    3.40303448738356   4.43126479954259e-09    
0.48   0.889050530710844    3.43094946928916   4.45557568617971e-09    
0.485   0.9062747753581    3.4587252246419   4.47953374393961e-09    
0.49   0.923637552162887    3.48636244783712   4.50314285860287e-09    
0.495   0.941138170193188    3.51386182980682   4.52640436243712e-09    
0.5   0.958775941963023    3.54122405803698   4.54932225224525e-09    
0.505   0.976550183415263    3.56844981658474   4.571898637451e-09    
0.51   0.99446021390453    3.59553978609547   4.59413673770115e-09    
0.515   1.01250535618018    3.62249464381982   4.61603888446405e-09    
0.52   1.03068493636936    3.64931506363064   4.63760718716344e-09    
0.525   1.04899828396018    3.67600171603982   4.65884730793675e-09    
0.53   1.06744473178496    3.70255526821504   4.6797596908732e-09    
0.535   1.08602361600349    3.72897638399651   4.70034855482027e-09    
0.54   1.10473427608652    3.75526572391348   4.72061412182256e-09    
0.545   1.12357605479918    3.78142394520082   4.74056172095061e-09    
0.55   1.14254829818457    3.80745170181543   4.76019357265045e-09    
0.555   1.16165035554743    3.83334964445257   4.77951078714511e-09    
0.56   1.18088157943785    3.85911842056215   4.79851647305907e-09    
0.565   1.20024132563508    3.88475867436493   4.81721351697217e-09    
0.57   1.21972895313144    3.91027104686857   4.8356050275089e-09    
0.575   1.23934382411629    3.93565617588371   4.85369255898149e-09    
0.58   1.2590853039601    3.96091469603991   4.87147988614822e-09    
0.585   1.27895276119854    3.98604723880147   4.88897056172277e-09    
0.59   1.29894556751673    4.01105443248328   4.90616325343751e-09    
0.595   1.31906309773353    4.03593690226648   4.92306417854138e-09    
0.6   1.33930472978591    4.0606952702141   4.93967555748043e-09    
0.605   1.35966984471338    4.08533015528663   4.95599650207623e-09    
0.61   1.38015782664253    4.10984217335748   4.97203234139931e-09    
0.615   1.40076806277163    4.13423193722837   4.98778529589572e-09    
0.62   1.42149994335533    4.15850005664468   5.0032575860115e-09    
0.625   1.44235286168936    4.18264713831064   5.0184509881035e-09    
0.63   1.46332621409544    4.20667378590456   5.03336927692999e-09    
0.635   1.48441939990613    4.23058060009388   5.048013562714e-09    
0.64   1.50563182144982    4.25436817855018   5.06238739816922e-09    
0.645   1.52696288403583    4.27803711596418   5.07649078329564e-09    
0.65   1.54841199593947    4.30158800406054   5.09032838102996e-09    
0.655   1.56997856838734    4.32502143161267   5.10390130159522e-09    
0.66   1.59166201554251    4.3483379844575   5.11721331974968e-09    
0.665   1.61346175448995    4.37153824551006   5.13026487958257e-09    
0.67   1.63537720522194    4.39462279477807   5.14305820153993e-09    
0.675   1.65740779062354    4.41759220937648   5.15559639424623e-09    
0.68   1.67955293645819    4.44044706354183   5.16788234428134e-09    
0.685   1.70181207135335    4.46318792864667   5.17991649573446e-09    
0.69   1.7241846267862    4.48581537321381   5.1917032894977e-09    
0.695   1.74667003706947    4.50832996293055   5.20324316966025e-09    
0.7   1.76926773933722    4.53073226066279   5.2145388007574e-09    
0.705   1.79197717353087    4.55302282646915   5.22559151505675e-09    
0.71   1.81479778238509    4.57520221761492   5.23640419913818e-09    
0.715   1.83772901141396    4.59727098858605   5.24697996162615e-09    
0.72   1.86077030889707    4.61922969110295   5.2573199127437e-09    
0.725   1.88392112586569    4.64107887413432   5.26742649498146e-09    
0.73   1.90718091608912    4.66281908391089   5.27730015242867e-09    
0.735   1.93054913606099    4.68445086393902   5.28694465984358e-09    
0.74   1.95402524498567    4.70597475501434   5.29636179358306e-09    
0.745   1.97760870476477    4.72739129523525   5.30555488431617e-09    
0.75   2.00129897998366    4.74870102001636   5.31452348795369e-09    
0.755   2.02509553789811    4.7699044621019   5.32327071312011e-09    
0.76   2.04899784842098    4.79100215157903   5.33179811412765e-09    
0.765   2.07300538410893    4.81199461589108   5.34010791142236e-09    
0.77   2.09711762014926    4.83288237985075   5.34820321362872e-09    
0.775   2.12133403434678    4.85366596565323   5.35608490892514e-09    
0.78   2.14565410711077    4.87434589288924   5.36375521775767e-09    
0.785   2.17007732144197    4.89492267855804   5.37121502830473e-09    
0.79   2.19460316291967    4.91539683708034   5.37846611692316e-09    
0.795   2.21923111968884    4.93576888031116   5.38551292450506e-09    
0.8   2.24396068244735    4.95603931755265   5.39235589513964e-09    
0.805   2.2687913444332    4.9762086555668   5.39899636109453e-09    
0.81   2.29372260141191    4.9962773985881   5.40543521054815e-09    
0.815   2.31875395166384    5.01624604833617   5.41167599621417e-09    
0.82   2.34388489597171    5.03611510402829   5.41772093853865e-09    
0.825   2.36911493760811    5.05588506239189   5.42357181387843e-09    
0.83   2.39444358232305    5.07555641767696   5.42922728996587e-09    
0.835   2.41987033833161    5.0951296616684   5.43469091951465e-09    
0.84   2.44539471630168    5.11460528369833   5.43996625523846e-09    
0.845   2.47101622934171    5.1339837706583   5.44505507349413e-09    
0.85   2.4967343929885    5.15326560701152   5.44995781837088e-09    
0.855   2.52254872519514    5.17245127480487   5.45467537804711e-09    
0.86   2.54845874631895    5.19154125368106   5.45920997296889e-09    
0.865   2.57446397910945    5.21053602089056   5.46356337949305e-09    
0.87   2.60056394869649    5.22943605130352   5.46773781806564e-09    
0.875   2.62675818257831    5.2482418174217   5.47173328868666e-09    
0.88   2.65304621060979    5.26695378939022   5.47555334406979e-09    
0.885   2.67942756499065    5.28557243500936   5.47919976057187e-09    
0.89   2.70590178025378    5.30409821974622   5.48267209410369e-09    
0.895   2.73246839325361    5.32253160674639   5.48597656191419e-09    
0.9   2.7591269431545    5.34087305684551   5.48910961128968e-09    
0.905   2.78587697141925    5.35912302858076   5.49207612721148e-09    
0.91   2.8127180217976    5.37728197820241   5.49487655376879e-09    
0.915   2.83964964031488    5.39535035968513   5.49751133505083e-09    
0.92   2.86667137526061    5.4133286247394   5.49998580012812e-09    
0.925   2.89378277717723    5.43121722282278   5.50229461993013e-09    
0.93   2.92098339884886    5.44901660115116   5.50444667624106e-09    
0.935   2.9482727952901    5.46672720470991   5.5064366399904e-09    
0.94   2.97565052373496    5.48434947626505   5.50827250478392e-09    
0.945   3.00311614362573    5.50188385637428   5.5099533824432e-09    
0.95   3.03066921660199    5.51933078339802   5.51147927296824e-09    
0.955   3.05830930648966    5.53669069351035   5.51285372907273e-09    
0.96   3.08603597929008    5.55396402070992   5.51407586257824e-09    
0.965   3.11384880316919    5.57115119683082   5.51515100255529e-09    
0.97   3.14174734844667    5.58825265155334   5.51607826082545e-09    
0.975   3.16973118758527    5.60526881241474   5.51685719329953e-09    
0.98   3.19779989518009    5.62220010481992   5.51749312904803e-09    
0.985   3.22595304794793    5.63904695205208   5.5179829594465e-09    
0.99   3.25419022471674    5.65580977528326   5.51833245765465e-09    
0.995   3.28251100641507    5.67248899358493   5.51854251185091e-09    
1   3.31091497606159    5.68908502393841   5.51861134567844e-09    
1.005   3.33940171875468    5.70559828124533   5.51853984731565e-09    
1.01   3.36797082166205    5.72202917833796   5.5183346781007e-09    
1.015   3.39662187401041    5.73837812598959   5.51799406167675e-09    
1.02   3.42535446707523    5.75464553292477   5.51752021848984e-09    
1.025   3.45416819417048    5.77083180582952   5.51691314853997e-09    
1.03   3.4830626506385    5.7869373493615   5.51617551636241e-09    
1.035   3.51203743383987    5.80296256616013   5.51530687786794e-09    
1.04   3.54109214314333    5.81890785685667   5.51431034168104e-09    
1.045   3.57022637991579    5.83477362008421   5.51318546371249e-09    
1.05   3.59943974751233    5.85056025248766   5.51193579667597e-09    
1.055   3.62873185126634    5.86626814873366   5.51055956421465e-09    
1.06   3.65810229847958    5.88189770152041   5.50906298357745e-09    
1.065   3.68755069841243    5.89744930158757   5.50744516658597e-09    
1.07   3.71707666227407    5.91292333772593   5.50570522506177e-09    
1.075   3.74667980321279    5.92832019678721   5.50384626762934e-09    
1.08   3.77635973630632    5.94364026369368   5.50186696202104e-09    
1.085   3.80611607855219    5.95888392144781   5.49976997277213e-09    
1.09   3.83594844885816    5.97405155114184   5.49755840850708e-09    
1.095   3.8658564680327    5.9891435319673   5.49523226922588e-09    
1.1   3.89583975877551    6.00416024122449   5.49279066675012e-09    
1.105   3.92589794566807    6.01910205433193   5.49023848606112e-09    
1.11   3.95603065516428    6.03396934483572   5.48757439489123e-09    
1.115   3.9862375155811    6.0487624844189   5.48480016959729e-09    
1.12   4.01651815708927    6.06348184291072   5.48191625426853e-09    
1.125   4.04687221170407    6.07812778829592   5.47892398117256e-09    
1.13   4.0772993132761    6.09270068672389   5.47582601484464e-09    
1.135   4.10779909748214    6.10720090251785   5.47262146710636e-09    
1.14   4.13837120181605    6.12162879818394   5.46931477884982e-09    
1.145   4.16901526557968    6.13598473442032   5.46590595007501e-09    
1.15   4.19973092987387    6.15026907012612   5.4623932044251e-09    
1.155   4.2305178375895    6.16448216241049   5.45878364732744e-09    
1.16   4.26137563339852    6.17862436660148   5.45507283788993e-09    
1.165   4.29230396374508    6.19269603625492   5.451261664291e-09    
1.17   4.32330247683672    6.20669752316328   5.44735190288748e-09    
1.175   4.35437082263553    6.22062917736447   5.44334621821463e-09    
1.18   4.38550865284943    6.23449134715057   5.43924461027245e-09    
1.185   4.41671562092345    6.24828437907655   5.43504885541779e-09    
1.19   4.4479913820311    6.2620086179689   5.4307616181859e-09    
1.195   4.47933559306566    6.27566440693433   5.4263793458631e-09    
1.2   4.51074791263172    6.28925208736827   5.42190470298465e-09    
1.205   4.54222800103656    6.30277199896343   5.41734124226423e-09    
1.21   4.57377552028167    6.31622447971832   5.41268807552342e-09    
1.215   4.60539013405435    6.32960986594564   5.4079443145838e-09    
1.22   4.63707150771925    6.34292849228075   5.40311795305115e-09    
1.225   4.66881930831    6.35618069169   5.39820277367653e-09    
1.23   4.70063320452094    6.36936679547906   5.39320410553046e-09    
1.235   4.73251286669878    6.38248713330121   5.388115731364e-09    
1.24   4.76445796683441    6.39554203316559   5.38295008567502e-09    
1.245   4.79646817855463    6.40853182144536   5.37770006303617e-09    
1.25   4.82854317711408    6.42145682288592   5.37236655162587e-09    
1.255   4.86068263938704    6.43431736061296   5.36695399233622e-09    
1.26   4.8928862438594    6.4471137561406   5.36146238516721e-09    
1.265   4.92515367062061    6.45984632937939   5.35589617101095e-09    
1.27   4.95748460135567    6.47251539864434   5.35025090897534e-09    
1.275   4.98987871933719    6.48512128066281   5.34452571088195e-09    
1.28   5.02233570941747    6.49766429058253   5.33872412944447e-09    
1.285   5.05485525802061    6.51014474197939   5.33284794101974e-09    
1.29   5.08743705313467    6.52256294686533   5.32689803378616e-09    
1.295   5.12008078430388    6.53491921569612   5.32087263138692e-09    
1.3   5.15278614262089    6.54721385737911   5.31477439835726e-09    
1.305   5.185552820719    6.559447179281   5.3086042228756e-09    
1.31   5.21838051276455    6.57161948723545   5.30236565765563e-09    
1.315   5.25126891444919    6.58373108555081   5.29605514998366e-09    
1.32   5.28421772298233    6.59578227701767   5.28967980528705e-09    
1.325   5.31722663708357    6.60777336291643   5.28323429449529e-09    
1.33   5.35029535697514    6.61970464302486   5.27672039396521e-09    
1.335   5.3834235843744    6.6315764156256   5.27014343276733e-09    
1.34   5.41661102248643    6.64338897751357   5.26349808183113e-09    
1.345   5.44985737599657    6.65514262400344   5.25678700569188e-09    
1.35   5.48316235106303    6.66683764893697   5.25001109252798e-09    
1.355   5.51652565530961    6.6784743446904   5.24317389505313e-09    
1.36   5.54994699781828    6.69005300218173   5.23627186055364e-09    
1.365   5.58342608912201    6.701573910878   5.22931031810003e-09    
1.37   5.61696264119749    6.71303735880251   5.22228660315704e-09    
1.375   5.65055636745792    6.72444363254208   5.21520338025994e-09    
1.38   5.68420698274587    6.73579301725413   5.20806153758713e-09    
1.385   5.71791420332613    6.74708579667387   5.20086285149546e-09    
1.39   5.75167774687862    6.75832225312138   5.19360554562809e-09    
1.395   5.78549733249135    6.76950266750865   5.18629139634186e-09    
1.4   5.81937268065338    6.78062731934662   5.17891773910151e-09    
1.405   5.85330351324783    6.79169648675216   5.17149523204807e-09    
1.41   5.88728955354495    6.80271044645505   5.16401321704052e-09    
1.415   5.92133052619516    6.81366947380483   5.15647968768462e-09    
1.42   5.95542615722222    6.82457384277777   5.14888842673145e-09    
1.425   5.98957617401633    6.83542382598366   5.14124920414361e-09    
1.43   6.02378030532735    6.84621969467264   5.13355669085058e-09    
1.435   6.058038281258    6.856961718742   5.12581443956606e-09    
1.44   6.09234983325711    6.86765016674288   5.11801800939793e-09    
1.445   6.12671469411295    6.87828530588705   5.11017805848724e-09    
1.45   6.16113259794646    6.88886740205353   5.10228304051452e-09    
1.455   6.1956032802047    6.89939671979529   5.09434183726398e-09    
1.46   6.23012647765418    6.90987352234581   5.08635089602194e-09    
1.465   6.26470192837429    6.9202980716257   5.07831554585891e-09    
1.47   6.29932937175075    6.93067062824924   5.07023401041806e-09    
1.475   6.33400854846911    6.94099145153089   5.06210895423465e-09    
1.48   6.36873920050825    6.95126079949175   5.05393504823815e-09    
1.485   6.40352107113394    6.96147892886606   5.04571673332066e-09    
1.49   6.43835390489241    6.97164609510759   5.03745756219587e-09    
1.495   6.47323744760397    6.98176255239603   5.02915487032851e-09    
1.5   6.50817144635668    6.99182855364333   5.02080865771859e-09    
1.505   6.54315564949996    7.00184435050004   5.01241625983084e-09    
1.51   6.57818980663839    7.01181019336161   5.00398655844947e-09    
1.515   6.61327366862537    7.02172633137463   4.99551155996869e-09    
1.52   6.64840698755694    7.03159301244306   4.98700192252954e-09    
1.525   6.68358951676555    7.04141048323445   4.97845231706151e-09    
1.53   6.71882101081393    7.05117898918607   4.96986363174301e-09    
1.535   6.75410122548891    7.06089877451108   4.96123320203878e-09    
1.54   6.78942991779537    7.07057008220462   4.95256724519777e-09    
1.545   6.8248068459501    7.08019315404989   4.94386309668471e-09    
1.55   6.86023176937582    7.08976823062417   4.93512786192696e-09    
1.555   6.8957044486951    7.09929555130489   4.92635443549716e-09    
1.56   6.93122464572443    7.10877535427556   4.91754637010899e-09    
1.565   6.96679212346825    7.11820787653175   4.90870277758404e-09    
1.57   7.00240664611301    7.12759335388698   4.89982543427914e-09    
1.575   7.03806797902129    7.13693202097871   4.89091522837271e-09    
1.58   7.07377588872593    7.14622411127408   4.88197304804316e-09    
1.585   7.10953014292417    7.15546985707583   4.87299534057684e-09    
1.59   7.14533051047191    7.1646694895281   4.86398743504424e-09    
1.595   7.18117676137784    7.17382323862216   4.85494400237485e-09    
1.6   7.21706866679778    7.18293133320223   4.84587658888813e-09    
1.605   7.25300599902886    7.19199400097114   4.83677631279988e-09    
1.61   7.28898853150395    7.20101146849606   4.82764672682379e-09    
1.615   7.32501603878586    7.20998396121414   4.81848427824616e-09    
1.62   7.36108829656183    7.21891170343817   4.80929607249436e-09    
1.625   7.39720508163783    7.22779491836218   4.80007944503313e-09    
1.63   7.43336617193301    7.23663382806698   4.79082817861354e-09    
1.635   7.4695713464742    7.24542865352579   4.78155648409029e-09    
1.64   7.50582038539029    7.25417961460971   4.77225725603603e-09    
1.645   7.54211306990679    7.2628869300932   4.7629322708076e-09    
1.65   7.57844918234037    7.27155081765962   4.75358241658341e-09    
1.655   7.61482850609339    7.2801714939066   4.74420680518506e-09    
1.66   7.65125082564849    7.2887491743515   4.73480632479095e-09    
1.665   7.68771592656322    7.29728407343677   4.72538541629319e-09    
1.67   7.72422359546466    7.30577640453533   4.71593430972916e-09    
1.675   7.76077362004407    7.31422637995591   4.70646099870464e-09    
1.68   7.79736578905166    7.32263421094833   4.69696637139805e-09    
1.685   7.83399989229119    7.33100010770879   4.68744865145254e-09    
1.69   7.87067572061482    7.33932427938517   4.6779113915818e-09    
1.695   7.90739306591781    7.34760693408217   4.66835192725057e-09    
1.7   7.94415172113338    7.3558482788666   4.65876937028042e-09    
1.705   7.98095148022748    7.3640485197725   4.64916816156347e-09    
1.71   8.01779213819365    7.37220786180633   4.63955096563495e-09    
1.715   8.05467349104792    7.38032650895207   4.62990712435385e-09    
1.72   8.09159533582369    7.3884046641763   4.62025084857487e-09    
1.725   8.12855747056665    7.39644252943333   4.6105679274433e-09    
1.73   8.16555969432978    7.40444030567021   4.60087612452753e-09    
1.735   8.20260180716822    7.41239819283177   4.59116122897285e-09    
1.74   8.2396836101344    7.42031638986559   4.58143034620662e-09    
1.745   8.27680490527298    7.42819509472702   4.57168347622883e-09    
1.75   8.31396549561592    7.43603450438407   4.56191884268264e-09    
1.755   8.35116518517759    7.44383481482242   4.55213822192491e-09    
1.76   8.3884037789498    7.45159622105021   4.54234161395561e-09    
1.765   8.42568108289699    7.45931891710301   4.53252368970425e-09    
1.77   8.46299690395138    7.46700309604862   4.52269333095501e-09    
1.775   8.50035105000808    7.47464894999192   4.51284698499421e-09    
1.78   8.53774332992035    7.48225667007965   4.5029864281787e-09    
1.785   8.57517355349479    7.48982644650521   4.49311166050848e-09    
1.79   8.6126415314866    7.4973584685134   4.48323334012457e-09    
1.795   8.65014707559483    7.50485292440517   4.47332837438807e-09    
1.8   8.68768999845769    7.5123100015423   4.46340919779686e-09    
1.805   8.72527011364788    7.51972988635211   4.4534829157783e-09    
1.81   8.76288723566788    7.52711276433211   4.44354597561869e-09    
1.815   8.80054117994537    7.53445882005462   4.43359837731805e-09    
1.82   8.83823176282857    7.54176823717142   4.42364544994689e-09    
1.825   8.87595880158166    7.54904119841833   4.41367120629366e-09    
1.83   8.91372211438024    7.55627788561975   4.40368808085623e-09    
1.835   8.95152152030676    7.56347847969323   4.39369252092092e-09    
1.84   8.98935683934597    7.57064316065401   4.38368630284458e-09    
1.845   9.02722789238051    7.57777210761948   4.37367297934088e-09    
1.85   9.0651345011863    7.58486549881368   4.36365077405299e-09    
1.855   9.10307648842822    7.59192351157177   4.35362501605141e-09    
1.86   9.14105367765557    7.59894632234442   4.34359392897932e-09    
1.865   9.17906589329771    7.60593410670228   4.33355040740935e-09    
1.87   9.21711296065968    7.61288703934031   4.3234944513415e-09    
1.875   9.25519470591779    7.6198052940822   4.31343494255998e-09    
1.88   9.29331095611532    7.62668904388467   4.30336477563742e-09    
1.885   9.33146153915816    7.63353846084182   4.29328395057382e-09    
1.89   9.36964628381054    7.64035371618944   4.28320312551023e-09    
1.895   9.40786501969072    7.64713498030927   4.27311874773295e-09    
1.9   9.44611757726674    7.65388242273325   4.2630219354578e-09    
1.905   9.48440378785219    7.6605962121478   4.25292334682581e-09    
1.91   9.52272348360198    7.66727651639801   4.24281232369594e-09    
1.915   9.56107649750816    7.67392350249182   4.2327066296366e-09    
1.92   9.59946266339575    7.68053733660424   4.22259383014989e-09    
1.925   9.63788181591852    7.68711818408146   4.21246859616531e-09    
1.93   9.67633379055496    7.69366620944501   4.20234691489441e-09    
1.935   9.71481842360409    7.70018157639588   4.19221457548247e-09    
1.94   9.75333555218141    7.70666444781856   4.18208401242737e-09    
1.945   9.79188501421479    7.71311498578518   4.17194989665859e-09    
1.95   9.83046664844044    7.71953335155953   4.16181222817613e-09    
1.955   9.86908029439889    7.72591970560109   4.15168344147787e-09    
1.96   9.90772579243095    7.73227420756903   4.14154577299541e-09    
1.965   9.94640298367375    7.73859701632624   4.1314098808698e-09    
1.97   9.98511171005672    7.74488828994327   4.12126333060314e-09    
1.975   10.0238518142977    7.75114818570227   4.11111855669333e-09    
1.98   10.062623139899    7.75737686010098   4.10097023006983e-09    
1.985   10.1014255311434    7.76357446885658   4.0908201270895e-09    
1.99   10.1402588330904    7.7697411669096   4.08067180046601e-09    
1.995   10.1791228915722    7.77587710842782   4.070518144772e-09    
2   10.2180175531899    7.7819824468101   4.06037337086218e-09    
2.005   10.2569426653098    7.78805733469022   4.05022326788185e-09    
2.01   10.2958980760593    7.79410192394067   4.04007138854467e-09    
2.015   10.3348836343235    7.80011636567652   4.02992483827802e-09    
2.02   10.3738991897409    7.80610081025912   4.01977473529769e-09    
2.025   10.4129445927001    7.81205540729989   4.00962463231735e-09    
2.03   10.4520196943359    7.81798030566407   3.99947452933702e-09    
2.035   10.4911243465256    7.82387565347443   3.98932442635669e-09    
2.04   10.530258401885    7.82974159811496   3.97917787609003e-09    
2.045   10.5694217137654    7.8355782862346   3.96904376032126e-09    
2.05   10.6086141362491    7.84138586375084   3.95890431548196e-09    
2.055   10.6478355241466    7.84716447585343   3.94877019971318e-09    
2.06   10.687085732992    7.85291426700796   3.93863786030124e-09    
2.065   10.7263646190405    7.85863538095952   3.92850907360298e-09    
2.07   10.7656720392637    7.86432796073626   3.91837673419104e-09    
2.075   10.805007851347    7.86999214865296   3.9082532765633e-09    
2.08   10.8443719136854    7.87562808631462   3.8981315952924e-09    
2.085   10.88376408538    7.88123591461996   3.88801701944885e-09    
2.09   10.923184226235    7.88681577376499   3.87790244360531e-09    
2.095   10.9626321967535    7.89236780324649   3.86779142047544e-09    
2.1   11.0021078581345    7.89789214186547   3.85768572641609e-09    
2.105   11.0416110722693    7.90338892773068   3.84758358507042e-09    
2.11   11.0811417017379    7.90885829826207   3.83747966736792e-09    
2.115   11.1206996098058    7.91430039019417   3.8273935132338e-09    
2.12   11.1602846604204    7.91971533957958   3.81730913545653e-09    
2.125   11.1998967182077    7.92510328179229   3.80722298132241e-09    
2.13   11.2395356484688    7.93046435153116   3.79714926168617e-09    
2.135   11.2792013171768    7.9357986828232   3.78707554204993e-09    
2.14   11.318893590973    7.94110640902696   3.77701248055473e-09    
2.145   11.3586123371641    7.9463876628359   3.76695297177321e-09    
2.15   11.3983574237184    7.95164257628161   3.75690234477588e-09    
2.155   11.4381287192628    7.95687128073722   3.74686237591959e-09    
2.16   11.4779260930794    7.9620739069206   3.73682595977698e-09    
2.165   11.5177494151023    7.96725058489769   3.72679842541856e-09    
2.17   11.5575985559143    7.97240144408569   3.71678510191487e-09    
2.175   11.5974733867436    7.97752661325636   3.70676112027013e-09    
2.18   11.6373737794608    7.9826262205392   3.69675490219379e-09    
2.185   11.6772996065754    7.98770039342464   3.68675756590164e-09    
2.19   11.7172507412327    7.99274925876728   3.67676378232318e-09    
2.195   11.757227057211    7.99777294278901   3.66677888052891e-09    
2.2   11.7972284289178    8.0027715710822   3.65680463687568e-09    
2.205   11.8372547313872    8.0077452686128   3.64684460407716e-09    
2.21   11.8773058402765    8.01269415972353   3.6368827949218e-09    
2.215   11.9173816318631    8.0176183681369   3.62692631483696e-09    
2.22   11.9574819830416    8.02251801695841   3.61698759832052e-09    
2.225   11.9976067713205    8.0273932286795   3.60706131630195e-09    
2.23   12.0377558748193    8.03224412518074   3.5971403633539e-09    
2.235   12.0779291722653    8.03707082773478   3.58721941040585e-09    
2.24   12.1181265429906    8.04187345700945   3.57731266831252e-09    
2.245   12.1583478669293    8.04665213307071   3.56741836071706e-09    
2.25   12.1985930246143    8.05140697538573   3.55752938219212e-09    
2.255   12.2388618971742    8.0561381028258   3.54765461452189e-09    
2.26   12.2791543663307    8.06084563366937   3.53778872863586e-09    
2.265   12.3194703143951    8.06552968560494   3.52793705360455e-09    
2.27   12.359809624266    8.07019037573406   3.51809248400059e-09    
2.275   12.4001721794258    8.07482782057421   3.50826034889451e-09    
2.28   12.4405578639383    8.07944213606178   3.49843176650211e-09    
2.285   12.4809665624452    8.08403343755488   3.48861384225074e-09    
2.29   12.5213981601638    8.08860183983629   3.47881368156777e-09    
2.295   12.5618525428838    8.0931474571163   3.46902773173952e-09    
2.3   12.6023295969645    8.09767040303557   3.4592435582681e-09    
2.305   12.6428292093321    8.102170790668   3.44948247743559e-09    
2.31   12.6833512674765    8.10664873252352   3.43972317295993e-09    
2.315   12.7238956594492    8.1111043405509   3.42997275026846e-09    
2.32   12.7644622738595    8.11553772614056   3.42023653843171e-09    
2.325   12.8050509998727    8.11994900012738   3.41050743202231e-09    
2.33   12.8456617272066    8.12433827279345   3.40079431282447e-09    
2.335   12.8862943461292    8.12870565387081   3.39108829905399e-09    
2.34   12.9269487474558    8.1330512525442   3.38139827249506e-09    
2.345   12.9676248225462    8.13737517745382   3.37173133857505e-09    
2.35   13.008322463302    8.14167753669803   3.36206618101187e-09    
2.355   13.049041562164    8.14595843783602   3.35241878701709e-09    
2.36   13.0897820121095    8.15021798789054   3.34277849844966e-09    
2.365   13.1305437066495    8.15445629335056   3.33315242073695e-09    
2.37   13.1713265398261    8.15867346017396   3.32354765930631e-09    
2.375   13.2121304062099    8.16286959379011   3.31395710873039e-09    
2.38   13.2529552008975    8.16704479910258   3.30436478179763e-09    
2.385   13.2938008195083    8.17119918049172   3.29479732386062e-09    
2.39   13.3346671581828    8.17533284181726   3.28524052406465e-09    
2.395   13.3755541135791    8.17944588642097   3.27569438240971e-09    
2.4   13.4164615828709    8.18353841712917   3.26615889889581e-09    
2.405   13.4573894637447    8.18761053625535   3.25663584987979e-09    
2.41   13.4983376543974    8.19166234560268   3.24713056443215e-09    
2.415   13.5393060535334    8.19569394646662   3.23763948983924e-09    
2.42   13.5802945603626    8.19970543963741   3.22815907338736e-09    
2.425   13.6213030745975    8.20369692540256   3.21869464414704e-09    
2.43   13.6623314964506    8.20766850354945   3.20924442576143e-09    
2.435   13.7033797266323    8.21162027336772   3.19980308916001e-09    
2.44   13.7444476663482    8.21555233365182   3.19038662155435e-09    
2.445   13.7855352172966    8.21946478270347   3.18098081208973e-09    
2.45   13.8266422816659    8.22335771833411   3.17159454255034e-09    
2.455   13.8677687621327    8.22723123786732   3.1622153784383e-09    
2.46   13.9089145618587    8.23108543814129   3.15285753060834e-09    
2.465   13.9500795844888    8.23492041551123   3.14351211727626e-09    
2.47   13.9912637341483    8.23873626585177   3.13418091479889e-09    
2.475   14.0324669154407    8.24253308455938   3.12486392317624e-09    
2.48   14.0736890334453    8.24631096655471   3.11556291876514e-09    
2.485   14.114929993715    8.25007000628502   3.10626369071088e-09    
2.49   14.1561897022735    8.25381029772648   3.09699110800921e-09    
2.495   14.1974680656134    8.25753193438659   3.08773628887593e-09    
2.5   14.2387649906936    8.26123500930645   3.07849212788369e-09    
2.505   14.2800803849369    8.26491961506312   3.06925862503249e-09    
2.51   14.3214141562281    8.26858584377194   3.06004999117704e-09    
2.515   14.3627662129112    8.27223378708883   3.05085023910578e-09    
2.52   14.4041364637875    8.27586353621256   3.0416718033166e-09    
2.525   14.445524818113    8.27947518188703   3.03251113109582e-09    
2.53   14.4869311855964    8.28306881440359   3.02335934065923e-09    
2.535   14.5283554763968    8.28664452360323   3.01422353743419e-09    
2.54   14.5697976011212    8.29020239887885   3.00510727413439e-09    
2.545   14.6112574708225    8.29374252917754   2.99601232711666e-09    
2.55   14.6527349969973    8.29726500300273   2.98691915645577e-09    
2.555   14.6942300915836    8.30076990841645   2.97785440750431e-09    
2.56   14.7357426669585    8.30425733304153   2.96880209305073e-09    
2.565   14.7772726359363    8.30772736406376   2.95975866038134e-09    
2.57   14.8188199117659    8.31118008823408   2.95072943856667e-09    
2.575   14.8603844081292    8.3146155918708   2.94172686210459e-09    
2.58   14.9019660391383    8.31803396086167   2.9327331674267e-09    
2.585   14.9435647193339    8.3214352806661   2.92375723631721e-09    
2.59   14.9851803636827    8.32481963631726   2.91479551606244e-09    
2.595   15.0268128875758    8.32818711242422   2.90586044116026e-09    
2.6   15.0684622068259    8.33153779317407   2.89693780075595e-09    
2.605   15.110128237666    8.33487176233397   2.88803292392004e-09    
2.61   15.1518108967467    8.33818910325335   2.87913515251148e-09    
2.615   15.1935101011341    8.3414898988659   2.87026757916919e-09    
2.62   15.2352257683083    8.34477423169167   2.86141599303846e-09    
2.625   15.2769578161608    8.34804218383916   2.85257684140561e-09    
2.63   15.3187061629927    8.35129383700735   2.84375900605482e-09    
2.635   15.3604707275123    8.35452927248773   2.83496071062928e-09    
2.64   15.4022514288336    8.35774857116636   2.82617307334476e-09    
2.645   15.4440481864741    8.36095181352587   2.81740319962864e-09    
2.65   15.4858609203525    8.36413907964749   2.80865108948092e-09    
2.655   15.527689550787    8.36731044921303   2.79990786111739e-09    
2.66   15.5695339984931    8.37046600150691   2.79120193624749e-09    
2.665   15.6113941845819    8.37360581541808   2.78250134044811e-09    
2.67   15.6532700305579    8.37672996944207   2.7738220609308e-09    
2.675   15.6951614583171    8.37983854168289   2.7651569922682e-09    
2.68   15.737068390145    8.382931609855   2.756509687174e-09    
2.685   15.7789907487147    8.38600925128527   2.74788725107555e-09    
2.69   15.8209284570851    8.38907154291488   2.73927192040446e-09    
2.695   15.8628814386987    8.39211856130131   2.73067257694493e-09    
2.7   15.9048496173798    8.39515038262016   2.72209454976746e-09    
2.705   15.9468329173329    8.39816708266713   2.71352895708787e-09    
2.71   15.9888312631401    8.40116873685986   2.70499178611772e-09    
2.715   16.0308445797601    8.40415542023988   2.69648481321383e-09    
2.72   16.0728727925256    8.40712720747442   2.6879760639531e-09    
2.725   16.1149158271417    8.41008417285832   2.67948152554709e-09    
2.73   16.1569736096842    8.41302639031587   2.67101185613683e-09    
2.735   16.1990460665974    8.41595393340264   2.66254573944025e-09    
2.74   16.2411331246926    8.41886687530739   2.6541080444531e-09    
2.745   16.2832347111462    8.42176528885379   2.64568811303434e-09    
2.75   16.3253507534977    8.42464924650236   2.63728594518398e-09    
2.755   16.3674811796479    8.42751882035216   2.62890509361569e-09    
2.76   16.4096259178573    8.4303740821427   2.62053845290211e-09    
2.765   16.4517848967443    8.43321510325567   2.61218602304325e-09    
2.77   16.4939580452832    8.43604195471676   2.60386201489382e-09    
2.775   16.5361452928026    8.43885470719738   2.59554511217175e-09    
2.78   16.5783465689835    8.44165343101651   2.58724242030439e-09    
2.785   16.6205618038576    8.44443819614238   2.57897170286014e-09    
2.79   16.6627909278057    8.44720907219427   2.57069032727486e-09    
2.795   16.7050338715558    8.44996612844422   2.5624551369674e-09    
2.8   16.7472905661812    8.45270943381877   2.55423771022834e-09    
2.805   16.7895609430993    8.45543905690071   2.54602383620295e-09    
2.81   16.8318449340692    8.45815506593074   2.53784193660067e-09    
2.815   16.8741424711907    8.46085752880925   2.52967424785311e-09    
2.82   16.916453486902    8.46354651309795   2.52153498081498e-09    
2.825   16.9587779139784    8.46622208602158   2.51341347734524e-09    
2.83   17.0011156855303    8.46888431446961   2.50530618473022e-09    
2.835   17.0434667350021    8.47153326499789   2.49722376111094e-09    
2.84   17.0858309961697    8.47416900383031   2.48915199563271e-09    
2.845   17.1282084031395    8.47679159686048   2.48110154643655e-09    
2.85   17.1705988903466    8.47940110965336   2.4730830716635e-09    
2.855   17.2130023925531    8.48199760744691   2.46505749146309e-09    
2.86   17.2554188448463    8.48458115515371   2.45705678025843e-09    
2.865   17.2978481826374    8.48715181736259   2.44908804347688e-09    
2.87   17.3402903416597    8.48970965834024   2.44111930669533e-09    
2.875   17.3827452579672    8.49225474203281   2.43317543890953e-09    
2.88   17.4252128679325    8.49478713206754   2.42526354554684e-09    
2.885   17.4676931082457    8.49730689175429   2.41735520489783e-09    
2.89   17.5101859159128    8.49981408408719   2.40946818053089e-09    
2.895   17.5526912282538    8.50230877174619   2.40159536701867e-09    
2.9   17.5952089829014    8.50479101709859   2.39374031707484e-09    
2.905   17.6377391177993    8.50726088220068   2.38589592527205e-09    
2.91   17.6802815712008    8.5097184287992   2.37807640246501e-09    
2.915   17.722836281667    8.51216371833294   2.37028174865372e-09    
2.92   17.7654031880657    8.51459681193427   2.36250485841083e-09    
2.925   17.8079822295693    8.51701777043067   2.35473507359529e-09    
2.93   17.8505733456538    8.51942665434621   2.34699726320287e-09    
2.935   17.8931764760969    8.52182352390312   2.33929142723355e-09    
2.94   17.9357915609768    8.52420843902325   2.33160335483262e-09    
2.945   17.9784185406704    8.52658145932962   2.32391172971802e-09    
2.95   18.0210573558521    8.52894264414786   2.31625207902653e-09    
2.955   18.0637079474923    8.5312920525077   2.30860663918975e-09    
2.96   18.1063702568555    8.53362974314449   2.30097896292136e-09    
2.965   18.1490442254994    8.5359557745006   2.29336905022137e-09    
2.97   18.1917297952731    8.53827020472695   2.28578045380345e-09    
2.975   18.2344269083156    8.5405730916844   2.27820962095393e-09    
2.98   18.2771355070547    8.54286449294526   2.2706565516728e-09    
2.985   18.3198555342053    8.54514446579467   2.26312124596006e-09    
2.99   18.3625869327679    8.54741306723207   2.25560370381572e-09    
2.995   18.4053296460274    8.54967035397262   2.24812524152185e-09    
3   18.4480836175514    8.5519163824486   2.24064322651429e-09    
3.005   18.4908487911892    8.55415120881084   2.23317897507513e-09    
3.01   18.5336251110699    8.55637488893012   2.22573959263173e-09    
3.015   18.5764125216015    8.55858747839855   2.21832863189775e-09    
3.02   18.6192109674691    8.56078903253099   2.21093898744584e-09    
3.025   18.6620203936336    8.5629796063664   2.20355289570762e-09    
3.03   18.7048407453308    8.56515925466924   2.19619522567882e-09    
3.035   18.7476719680692    8.56732803193084   2.1888411083637e-09    
3.04   18.7905140076293    8.56948599237074   2.1815189654717e-09    
3.045   18.833366810062    8.57163318993806   2.17419682257969e-09    
3.05   18.8762303216872    8.57376967831286   2.16690665411079e-09    
3.055   18.9191044890926    8.57589551090745   2.159648460065e-09    
3.06   18.9619892591323    8.57801074086776   2.15237960787817e-09    
3.065   19.0048845789254    8.58011542107464   2.14515338825549e-09    
3.07   19.0477903958548    8.58220960414522   2.13794137948753e-09    
3.075   19.0907066575659    8.58429334243418   2.13075423971532e-09    
3.08   19.133633311965    8.58636668803509   2.12358131079782e-09    
3.085   19.1765703072184    8.58842969278168   2.11640838188032e-09    
3.09   19.2195175917509    8.5904824082492   2.10926387467225e-09    
3.095   19.2624751142444    8.59252488575562   2.10214068374626e-09    
3.1   19.3054428236371    8.59455717636299   2.09503170367498e-09    
3.105   19.3484206691213    8.59657933087869   2.08794403988577e-09    
3.11   19.3914086001434    8.5985913998567   2.08088479780599e-09    
3.115   19.4344065664012    8.60059343359882   2.07384331929461e-09    
3.12   19.477414517844    8.60258548215601   2.06680894621059e-09    
3.125   19.5204324046705    8.60456759532959   2.05979233669495e-09    
3.13   19.5634601773276    8.60653982267249   2.05278993803404e-09    
3.135   19.6064977865095    8.6085022134905   2.0458088556552e-09    
3.14   19.6495451831565    8.61045481684349   2.0388526422721e-09    
3.145   19.6926023184534    8.61239768154664   2.03192485059844e-09    
3.15   19.7356691438284    8.61433085617168   2.02500416435214e-09    
3.155   19.778745610952    8.61625438904806   2.01811189981527e-09    
3.16   19.8218316717358    8.61816832826422   2.01123029341943e-09    
3.165   19.8649272783313    8.62007272166873   2.00437355601935e-09    
3.17   19.9080323831285    8.62196761687153   1.99752037133294e-09    
3.175   19.951146938755    8.62385306124509   1.99068495021493e-09    
3.18   19.9942708980744    8.62572910192562   1.98386729266531e-09    
3.185   20.0374042141858    8.62759578581424   1.97708871496616e-09    
3.19   20.0805468404219    8.62945315957813   1.9703279008354e-09    
3.195   20.1236987303483    8.63130126965175   1.96356353399096e-09    
3.2   20.1668598377621    8.63314016223794   1.95683469428332e-09    
3.205   20.210030116691    8.63496988330911   1.95012361814406e-09    
3.21   20.2532095213917    8.63679047860837   1.94341964743217e-09    
3.215   20.2963980063494    8.63860199365072   1.93673699300234e-09    
3.22   20.339595526276    8.6404044737241   1.93006854942723e-09    
3.225   20.3828020361094    8.64219796389064   1.92342497484788e-09    
3.23   20.4260174910124    8.64398250898767   1.91679205840956e-09    
3.235   20.4692418463711    8.64575815362892   1.91018756368067e-09    
3.24   20.5124750577945    8.64752494220558   1.90359017437913e-09    
3.245   20.5557170811126    8.64928291888748   1.89702475950071e-09    
3.25   20.598967872376    8.6510321276241   1.89047000276332e-09    
3.255   20.6422273878543    8.65277261214577   1.88393656230801e-09    
3.26   20.6854955840354    8.65450441596468   1.87741377999373e-09    
3.265   20.728772417624    8.65622758237602   1.87090876124785e-09    
3.27   20.772057845541    8.65794215445906   1.86442861149771e-09    
3.275   20.8153518249219    8.65964817507816   1.85795556717494e-09    
3.28   20.8586543131161    8.66134568688395   1.85151804998895e-09    
3.285   20.9019652676858    8.66303473231429   1.845091190944e-09    
3.29   20.9452846464046    8.66471535359542   1.83868920089481e-09    
3.295   20.9886124072571    8.66638759274296   1.83231563255504e-09    
3.3   21.0319485084371    8.66805149156296   1.82595272235631e-09    
3.305   21.0752929083471    8.669707091653   1.81959336487125e-09    
3.31   21.1186455655969    8.67135443440315   1.81325887638195e-09    
3.315   21.162006439003    8.67299356099707   1.80695280960208e-09    
3.32   21.2053754875871    8.67462451241302   1.80065029553589e-09    
3.325   21.2487526705752    8.67624732942486   1.79436909775177e-09    
3.33   21.292137947397    8.6778620526031   1.78809855810869e-09    
3.335   21.3355312776842    8.6794687223159   1.78185999288871e-09    
3.34   21.37893262127    8.68106737873008   1.77562498038242e-09    
3.345   21.4223419381879    8.68265806181215   1.76940773144452e-09    
3.35   21.4657591886708    8.68424081132927   1.76321535150237e-09    
3.355   21.5091843331498    8.68581566685025   1.75704073512861e-09    
3.36   21.5526173322535    8.68738266774656   1.75088743503693e-09    
3.365   21.5960581468068    8.68894185319331   1.74474479308628e-09    
3.37   21.6395067378299    8.69049326217021   1.73860570384932e-09    
3.375   21.6829630665375    8.69203693346258   1.73249503632178e-09    
3.38   21.7264270943378    8.69357290566227   1.72641634321735e-09    
3.385   21.7698987828314    8.69510121716865   1.72036251910868e-09    
3.39   21.8133780938105    8.69662190618962   1.714308695e-09    
3.395   21.8568649892576    8.69813501074247   1.70826908174604e-09    
3.4   21.9003594313452    8.69964056865489   1.70224367934679e-09    
3.405   21.9438613824342    8.7011386175659   1.69625025137066e-09    
3.41   21.9873708050733    8.70262919492682   1.69027458696291e-09    
3.415   22.0308876619979    8.70411233800214   1.68430958069621e-09    
3.42   22.0744119161295    8.70558808387053   1.6783623379979e-09    
3.425   22.1179435305744    8.70705646942571   1.6724293061543e-09    
3.43   22.1614824686227    8.70851753137739   1.6665140378791e-09    
3.435   22.2050286937479    8.7099713062522   1.66061653317229e-09    
3.44   22.2485821696055    8.71141783039458   1.65475100288859e-09    
3.445   22.2921428600323    8.71285713996771   1.64887481446385e-09    
3.45   22.3357107290456    8.71428927095441   1.64302349503487e-09    
3.455   22.379285740842    8.71571425915803   1.63720770274267e-09    
3.46   22.4228678597967    8.71713214020335   1.63140612130519e-09    
3.465   22.4664570504626    8.71854294953746   1.62561519800875e-09    
3.47   22.5100532775694    8.71994672243067   1.61983138013966e-09    
3.475   22.5536565060227    8.72134349397738   1.61406887855264e-09    
3.48   22.5972667009031    8.72273329909694   1.60832414053402e-09    
3.485   22.6408838274655    8.72411617253458   1.60261492965219e-09    
3.49   22.6845078511379    8.72549214886218   1.59690216605668e-09    
3.495   22.7281387375208    8.72686126247924   1.59122492959796e-09    
3.5   22.7717764523864    8.72822354761364   1.58556190399395e-09    
3.505   22.8154209616775    8.7295790383226   1.5799059838173e-09    
3.51   22.8590722315066    8.73092776849345   1.57427137992272e-09    
3.515   22.9027302281555    8.73226977184454   1.5686438814555e-09    
3.52   22.9463949180741    8.73360508192599   1.56304125198403e-09    
3.525   22.9900662678794    8.73493373212064   1.5574492806536e-09    
3.53   23.0337442443552    8.7362557556448   1.55187507289156e-09    
3.535   23.0774288144509    8.73757118554915   1.54633283955263e-09    
3.54   23.1211199452806    8.73888005471949   1.54079771164106e-09    
3.545   23.1648176041224    8.74018239587761   1.53527679458421e-09    
3.55   23.2085217584179    8.74147824158213   1.52977719380942e-09    
3.555   23.2522323757708    8.74276762422924   1.52430246203039e-09    
3.56   23.2959494239465    8.74405057605358   1.51883128296504e-09    
3.565   23.3396728708711    8.74532712912901   1.5133743147544e-09    
3.57   23.3834026846307    8.74659731536943   1.50794932096687e-09    
3.575   23.4271388334705    8.74786116652955   1.50252787989302e-09    
3.58   23.4708812857944    8.74911871420574   1.49712420238757e-09    
3.585   23.5146300101634    8.75036998983671   1.49174539387786e-09    
3.59   23.5583849752956    8.75161502470446   1.48638079622287e-09    
3.595   23.6021461500652    8.75285384993492   1.48103396213628e-09    
3.6   23.6459135035013    8.75408649649876   1.47569423347704e-09    
3.605   23.6896870047879    8.75531299521224   1.47037582109988e-09    
3.61   23.7334666232622    8.75653337673787   1.46506806686375e-09    
3.615   23.7772523284148    8.75774767158526   1.45977807619602e-09    
3.62   23.8210440898883    8.75895591011183   1.45451295452403e-09    
3.625   23.8648418774765    8.76015812252364   1.44926559642045e-09    
3.63   23.9086456611241    8.76135433887603   1.44402889645789e-09    
3.635   23.9524554109256    8.76254458907448   1.4387993019227e-09    
3.64   23.9962710971248    8.76372890287531   1.43359102366958e-09    
3.645   24.0400926901137    8.76490730988643   1.42840050898485e-09    
3.65   24.083920160432    8.76607983956807   1.42322420515484e-09    
3.655   24.1277534787666    8.76724652123353   1.41806566489322e-09    
3.66   24.1715926159502    8.76840738404992   1.41291423005896e-09    
3.665   24.2154375429612    8.76956245703887   1.40778766422045e-09    
3.67   24.2592882309228    8.77071176907727   1.40267886195033e-09    
3.675   24.3031446511021    8.77185534889797   1.39758782324861e-09    
3.68   24.3470067749096    8.77299322509053   1.39251810082897e-09    
3.685   24.3908745738982    8.77412542610192   1.38744837840932e-09    
3.69   24.4347480197629    8.77525198023721   1.38239997227174e-09    
3.695   24.4786270843398    8.77637291566031   1.3773799878436e-09    
3.7   24.5225117396054    8.77748826039468   1.37236355612913e-09    
3.705   24.5664019576761    8.77859804232398   1.36737199341042e-09    
3.71   24.6102977108073    8.77970228919284   1.3623804306917e-09    
3.715   24.6541989713926    8.78080102860746   1.35741728968242e-09    
3.72   24.6981057119637    8.7818942880364   1.35247191224153e-09    
3.725   24.7420179051889    8.78298209481121   1.34753008751431e-09    
3.73   24.785935523873    8.78406447612711   1.34261668449653e-09    
3.735   24.8298585409564    8.78514145904367   1.3376961760514e-09    
3.74   24.8737869295145    8.78621307048554   1.33278987846097e-09    
3.745   24.917720662757    8.78727933724305   1.32791555529366e-09    
3.75   24.9616597140271    8.78834028597293   1.32305899569474e-09    
3.755   25.0056040568011    8.78939594319895   1.31820954152317e-09    
3.76   25.0495536646875    8.79044633531261   1.31338140363368e-09    
3.765   25.0935085114263    8.79149148857375   1.30856747659891e-09    
3.77   25.1374685708888    8.79253142911126   1.30378552398724e-09    
3.775   25.1814338170764    8.79356618292371   1.29900357137558e-09    
3.78   25.2254042241201    8.79459577588   1.29423227690495e-09    
3.785   25.2693797662801    8.79562023372001   1.28946808786168e-09    
3.79   25.3133604179448    8.79663958205523   1.28475008409623e-09    
3.795   25.3573461536307    8.79765384636943   1.28002852761711e-09    
3.8   25.4013369479808    8.79866305201926   1.27532828742005e-09    
3.805   25.4453327757651    8.79966722423493   1.27063159993668e-09    
3.81   25.4893336118793    8.80066638812079   1.26595978144906e-09    
3.815   25.5333394313441    8.80166056865598   1.26130572652983e-09    
3.82   25.577350209305    8.80264979069507   1.2566516716106e-09    
3.825   25.6213659210314    8.80363407896868   1.25203314382816e-09    
3.83   25.665386541916    8.80461345808404   1.24741461604572e-09    
3.835   25.7094120474744    8.80558795252569   1.24279608826328e-09    
3.84   25.753442413344    8.80655758665606   1.23821308761762e-09    
3.845   25.7974776152841    8.80752238471602   1.23364429782669e-09    
3.85   25.8415176291745    8.80848237082559   1.22908616617678e-09    
3.855   25.8855624310156    8.80943756898447   1.22455645623631e-09    
3.86   25.9296119969274    8.81038800307267   1.22001964086849e-09    
3.865   25.973666303149    8.8113336968511   1.21552190535112e-09    
3.87   26.017725326038    8.81227467396212   1.21102416983376e-09    
3.875   26.0617890420698    8.81321095793023   1.20654064517112e-09    
3.88   26.1058574278375    8.81414257216259   1.20207488407686e-09    
3.885   26.1499304600505    8.81506953994958   1.19762688655101e-09    
3.89   26.1940081155346    8.81599188446546   1.19318244173883e-09    
3.895   26.2380903712312    8.81690962876887   1.18877707677711e-09    
3.9   26.2821772041966    8.81782279580349   1.18436815910172e-09    
3.905   26.3262685916016    8.81873140839853   1.17997345228105e-09    
3.91   26.3703645107308    8.81963548926935   1.17560006174244e-09    
3.915   26.4144649389821    8.82053506101803   1.17125509291327e-09    
3.92   26.4585698538662    8.8214301461339   1.16689591322938e-09    
3.925   26.502679233006    8.82232076699413   1.16256160254125e-09    
3.93   26.5467930541358    8.8232069458643   1.15822018642575e-09    
3.935   26.5909112951012    8.82408870489893   1.15390008659233e-09    
3.94   26.6350339338581    8.82496606614203   1.14961196118202e-09    
3.945   26.6791609484724    8.82583905152768   1.14532738848538e-09    
3.95   26.7232923171195    8.82670768288056   1.14106057935714e-09    
3.955   26.7674280180836    8.82757198191651   1.13680798108362e-09    
3.96   26.8115680297571    8.82843197024303   1.13256604095113e-09    
3.965   26.8557123306402    8.8292876693599   1.12835252252808e-09    
3.97   26.8998608993405    8.83013910065962   1.12414610953238e-09    
3.975   26.9440137145721    8.83098628542802   1.11995390739139e-09    
3.98   26.9881707551554    8.83182924484477   1.11576525796409e-09    
3.985   27.0323320000162    8.83266799998389   1.11159437210517e-09    
3.99   27.0764974281858    8.83350257181432   1.10744480252833e-09    
3.995   27.1206670187998    8.83433298120038   1.10330944380621e-09    
4   27.1648407510978    8.83515924890235   1.09918474322512e-09    
4.005   27.2090186044232    8.83598139557698   1.09508135892611e-09    
4.01   27.2532005582222    8.83679944177796   1.09096731648606e-09    
4.015   27.2973865920436    8.83761340795651   1.08686748490072e-09    
4.02   27.3415766855383    8.83842331446181   1.08279607502482e-09    
4.025   27.3857708184586    8.83922918154157   1.07874242871731e-09    
4.03   27.4299689706576    8.84003102934251   1.07469944055083e-09    
4.035   27.4741711220893    8.84082887791086   1.07066000509803e-09    
4.04   27.5183772528072    8.84162274719288   1.06663833321363e-09    
4.045   27.5625873429648    8.84241265703535   1.06263442489762e-09    
4.05   27.6068013728141    8.84319862718606   1.05865183286369e-09    
4.055   27.6510193227059    8.84398067729428   1.05466924082975e-09    
4.06   27.6952411730888    8.84475882691132   1.05069730693685e-09    
4.065   27.7394669045092    8.84553309549096   1.04674668932603e-09    
4.07   27.7836964976102    8.84630350238996   1.04282094071095e-09    
4.075   27.8279299331316    8.84707006686853   1.03890585023692e-09    
4.08   27.8721671919094    8.84783280809081   1.03500141790391e-09    
4.085   27.9164082548748    8.84859174512539   1.03109698557091e-09    
4.09   27.9606531030544    8.84934689694572   1.02721742223366e-09    
4.095   28.0049017175695    8.85009828243065   1.02334141161009e-09    
4.1   28.0491540796353    8.85084592036483   1.01947605912756e-09    
4.105   28.0934101705609    8.85158982943927   1.01561781207238e-09    
4.11   28.1376699717484    8.85233002825173   1.01178443401295e-09    
4.115   28.1819334646929    8.85306653530722   1.00796526680824e-09    
4.12   28.2262006309817    8.85379936901845   1.00416386317193e-09    
4.125   28.2704714522939    8.8545285477063   1.00036245953561e-09    
4.13   28.3147459103999    8.85525408960027   9.96578819467686e-10    
4.135   28.3590239871612    8.85597601283897   9.92802284827121e-10    
4.14   28.4033056645296    8.85669433547049   9.89022197472877e-10    
4.145   28.4475909245472    8.85740907545295   9.85288295396458e-10    
4.15   28.4918797493453    8.85812025065489   9.81565051461075e-10    
4.155   28.5361721211444    8.85882787885571   9.7784891295305e-10    
4.16   28.580468022254    8.85953197774616   9.74143432586061e-10    
4.165   28.6247674350714    8.86023256492875   9.70459268501145e-10    
4.17   28.669070342082    8.86092965791821   9.66778657129908e-10    
4.175   28.7133767258583    8.86162327414187   9.63119362040743e-10    
4.18   28.75768656906    8.86231343094019   9.59460066951578e-10    
4.185   28.8019998544331    8.86300014556712   9.5581143000345e-10    
4.19   28.8463165648096    8.86368343519057   9.52177003910037e-10    
4.195   28.8906366831074    8.86436331689281   9.48570999526055e-10    
4.2   28.9349601923293    8.86503980767092   9.44968547855751e-10    
4.205   28.979287075563    8.8657129244372   9.41376754326484e-10    
4.21   29.0236173159806    8.86638268401962   9.37802724365611e-10    
4.215   29.067950896838    8.86704910316218   9.34228694404737e-10    
4.22   29.1122878014748    8.8677121985254   9.306653225849e-10    
4.225   29.1566280133135    8.86837198668671   9.271126089061e-10    
4.23   29.2009715158593    8.86902848414085   9.23577658795693e-10    
4.235   29.2453182926999    8.86968170730027   9.2006402496736e-10    
4.24   29.2896683275046    8.87033167249561   9.16557496566384e-10    
4.245   29.3340216040242    8.87097839597601   9.13068731733802e-10    
4.25   29.3783781060906    8.87162189390961   9.09597730469613e-10    
4.255   29.4227378176163    8.87226218238388   9.06133834632783e-10    
4.26   29.4671007225942    8.87289927740606   9.02680596936989e-10    
4.265   29.5114668050966    8.87353319490358   8.99227359241195e-10    
4.27   29.5558360492759    8.87416395072438   8.95802543254831e-10    
4.275   29.6002084393628    8.87479156063741   8.92381279982146e-10    
4.28   29.6445839596673    8.87541604033295   8.88970674850498e-10    
4.285   29.6889625945772    8.87603740542301   8.85584938714601e-10    
4.29   29.7333443285585    8.87665567144176   8.82195649865025e-10    
4.295   29.7777291461543    8.87727085384589   8.78813466442807e-10    
4.3   29.8221170319853    8.87788296801498   8.75452599302662e-10    
4.305   29.8665079707483    8.87849202925192   8.72095284876195e-10    
4.31   29.910901947217    8.87909805278327   8.68745075877086e-10    
4.315   29.9552989462406    8.87970105375966   8.65412630446372e-10    
4.32   29.9996989527441    8.88030104725613   8.62097948584051e-10    
4.325   30.0441019517277    8.88089804827257   8.58793924862766e-10    
4.33   30.0885079282662    8.88149207173402   8.55489901141482e-10    
4.335   30.1329168675091    8.88208313249109   8.52196535561234e-10    
4.34   30.1773287546799    8.88267124532035   8.48931591690416e-10    
4.345   30.2217435750756    8.88325642492464   8.45655989678562e-10    
4.35   30.2661613140667    8.88383868593348   8.42408809376138e-10    
4.355   30.3105819570968    8.88441804290343   8.39165181787394e-10    
4.36   30.3550054896818    8.88499451031844   8.35953528621758e-10    
4.365   30.39943189741    8.88556810259024   8.32738322742443e-10    
4.37   30.4438611659416    8.88613883405863   8.29537327717844e-10    
4.375   30.4882932810083    8.88670671899196   8.2635054354796e-10    
4.38   30.5327282284128    8.88727177158738   8.23163759378076e-10    
4.385   30.577165994029    8.88783400597123   8.20005396917622e-10    
4.39   30.6216065638008    8.88839343619939   8.1684348174349e-10    
4.395   30.6660499237426    8.88895007625766   8.13706435565109e-10    
4.4   30.7104960599382    8.88950394006205   8.10580047527765e-10    
4.405   30.754944958541    8.8900550414592   8.0745365949042e-10    
4.41   30.7993966057736    8.89060339422667   8.04327271453076e-10    
4.415   30.8438509879269    8.8911490120733   8.01232857838841e-10    
4.42   30.8883080913606    8.89169190863958   7.98134891510927e-10    
4.425   30.9327679025023    8.89223209749795   7.95061794178764e-10    
4.43   30.9772304078471    8.89276959215314   7.91995802273959e-10    
4.435   31.0216955939577    8.89330440604257   7.88936915796512e-10    
4.44   31.0661634474637    8.89383655253659   7.85902898314816e-10    
4.445   31.1106339550614    8.89436604493891   7.828724335468e-10    
4.45   31.1551071035134    8.89489289648686   7.79845521492462e-10    
4.455   31.1995828796485    8.89541712035176   7.76832820292839e-10    
4.46   31.244061270361    8.89593872963923   7.73827224520574e-10    
4.465   31.2885422626108    8.89645773738953   7.70835839603023e-10    
4.47   31.3330258434224    8.89697415657787   7.6785511282651e-10    
4.475   31.3775119998855    8.89748800011478   7.6489214961839e-10    
4.48   31.4220007191539    8.89799928084635   7.61918528269234e-10    
4.485   31.4664919884456    8.89850801155464   7.58980434056866e-10    
4.49   31.5109857950423    8.89901420495795   7.56038787130819e-10    
4.495   31.5554821262892    8.89951787371112   7.53111351059488e-10    
4.5   31.5999809695944    8.90001903040592   7.50187467701835e-10    
4.505   31.644482312429    8.90051768757128   7.47263584344182e-10    
4.51   31.6889861423266    8.90101385767365   7.4436812269596e-10    
4.515   31.733492446883    8.90150755311731   7.41469108334059e-10    
4.52   31.7780012137556    8.90199878624469   7.38587857540551e-10    
4.525   31.8225124306636    8.90248756933662   7.35713712174402e-10    
4.53   31.8670260853875    8.90297391461272   7.32857330376646e-10    
4.535   31.9115421657686    8.90345783423164   7.30011606719927e-10    
4.54   31.9560606597089    8.90393934029139   7.2715877763585e-10    
4.545   32.0005815551706    8.90441844482965   7.24327264833846e-10    
4.55   32.0451048401762    8.90489515982407   7.21520621027594e-10    
4.555   32.0896305028077    8.90536949719253   7.18713977221341e-10    
4.56   32.1341585312068    8.90584146879351   7.15928649697162e-10    
4.565   32.178688913574    8.9063110864263   7.1315042760034e-10    
4.57   32.2232216381689    8.90677836183139   7.1033667836673e-10    
4.575   32.2677566933096    8.90724330669067   7.07579772551981e-10    
4.58   32.3122940673725    8.9077059326278   7.04822866737231e-10    
4.585   32.3568337487918    8.90816625120845   7.02087277204555e-10    
4.59   32.4013757260597    8.9086242739406   6.99358793099236e-10    
4.595   32.4459199877255    8.90908001227485   6.96644519848633e-10    
4.6   32.4904665223956    8.90953347760468   6.93930246598029e-10    
4.605   32.5350153187336    8.90998468126674   6.91208867920068e-10    
4.61   32.5795663654591    8.91043363454114   6.88501700096822e-10    
4.615   32.6241196513485    8.91088034865176   6.85808743128291e-10    
4.62   32.6686751652338    8.91132483476646   6.83137102441833e-10    
4.625   32.7132328960029    8.91176710399742   6.80472567182733e-10    
4.63   32.7577928325989    8.91220716740139   6.7781513735099e-10    
4.635   32.8023549640203    8.91264503597998   6.75164812946605e-10    
4.64   32.8469192793204    8.91308072067992   6.7251448854222e-10    
4.645   32.8914857676069    8.91351423239337   6.69871269565192e-10    
4.65   32.9360544180421    8.91394558195813   6.67256472297595e-10    
4.655   32.9806252198423    8.91437478015796   6.64641675029998e-10    
4.66   33.0251981622774    8.91480183772284   6.62055299471831e-10    
4.665   33.0697732346711    8.91522676532924   6.59490240195737e-10    
4.67   33.1143504264    8.91564957360036   6.56946497201716e-10    
4.675   33.1589297268939    8.91607027310643   6.54367227070907e-10    
4.68   33.2035111256354    8.91648887436497   6.51823484076886e-10    
4.685   33.2480946121593    8.91690538784102   6.49258424800792e-10    
4.69   33.2926801760529    8.91731982394745   6.46707576379413e-10    
4.695   33.3372678069552    8.91773219304518   6.44185149667464e-10    
4.7   33.3818574945569    8.91814250544346   6.41634301246086e-10    
4.705   33.4264492286002    8.91855077140011   6.3910476910678e-10    
4.71   33.4710429988785    8.91895700112182   6.36610764104262e-10    
4.715   33.515638795236    8.91936120476433   6.34109653674386e-10    
4.72   33.5602366075676    8.91976339243278   6.31608543244511e-10    
4.725   33.6048364258185    8.92016357418187   6.29142959951423e-10    
4.73   33.6494382399842    8.92056176001615   6.26705798367766e-10    
4.735   33.6940420401101    8.92095795989031   6.24254425929394e-10    
4.74   33.7386478162911    8.92135218370936   6.21795948063664e-10    
4.745   33.7832555586715    8.92174444132891   6.19358786480007e-10    
4.75   33.827865257445    8.92213474255541   6.16942941178422e-10    
4.755   33.872476902854    8.92252309714644   6.14512885022123e-10    
4.76   33.9170904851896    8.92290951481087   6.12075723438466e-10    
4.765   33.9617059947913    8.92329400520916   6.09652772709524e-10    
4.77   34.0063234220468    8.92367657795359   6.07229821980582e-10    
4.775   34.0509427573919    8.9240572426085   6.0483529296107e-10    
4.78   34.0955639913099    8.92443600869053   6.02447869368916e-10    
4.785   34.1401871143316    8.92481288566884   6.00088867486193e-10    
4.79   34.184812117035    8.92518788296539   5.97701443894039e-10    
4.795   34.2294389900453    8.92556100995512   5.9535665286603e-10    
4.8   34.2740677240342    8.92593227596623   5.9304738897481e-10    
4.805   34.31869830972    8.92630169028038   5.90652859955298e-10    
4.81   34.3633307378675    8.92666926213296   5.88329385209363e-10    
4.815   34.4079649992871    8.92703500071328   5.85970383326639e-10    
4.82   34.4526010848356    8.92739891516483   5.83668224862777e-10    
4.825   34.4972389854149    8.92776101458547   5.81366066398914e-10    
4.83   34.5418786919727    8.92812130802772   5.79078118789766e-10    
4.835   34.5865201955015    8.92847980449894   5.76790171180619e-10    
4.84   34.6311634870388    8.92883651296155   5.74509328998829e-10    
4.845   34.6758085576671    8.92919144233328   5.72214275962324e-10    
4.85   34.720455398513    8.92954460148739   5.69954750062607e-10    
4.855   34.7651040007475    8.92989599925288   5.6769522416289e-10    
4.86   34.8097543555857    8.9302456444147   5.65421487408457e-10    
4.865   34.8544064542863    8.93059354571401   5.63126434371952e-10    
4.87   34.899060288152    8.93093971184835   5.60909541036381e-10    
4.875   34.9437158485284    8.93128415147189   5.58685542273452e-10    
4.88   34.9883731268047    8.93162687319564   5.56489965219953e-10    
4.885   35.0330321144126    8.93196788558768   5.54265966457024e-10    
4.89   35.077692802827    8.93230719717331   5.5205617854881e-10    
4.895   35.122355183565    8.93264481643535   5.49874812350026e-10    
4.9   35.167019248186    8.9329807518143   5.4767212986917e-10    
4.905   35.2116849882917    8.93331501170857   5.45476552815671e-10    
4.91   35.2563523955256    8.93364760447466   5.43316502898961e-10    
4.915   35.3010214615729    8.93397853842741   5.41163558409608e-10    
4.92   35.3456921781601    8.93430782184019   5.39003508492897e-10    
4.925   35.3903645370552    8.93463546294509   5.36886091140332e-10    
4.93   35.4350385300671    8.93496146993317   5.34747357505694e-10    
4.935   35.4797141490457    8.93528585095462   5.32601518443698e-10    
4.94   35.5243913858813    8.93560861411897   5.30469890236418e-10    
4.945   35.5690702325049    8.93592976749534   5.28366683738568e-10    
4.95   35.6137506808877    8.93624931911255   5.26263477240718e-10    
4.955   35.6584327230409    8.93656727695942   5.24202903307014e-10    
4.96   35.7031163510154    8.93688364898492   5.22128118518594e-10    
4.965   35.747801556902    8.93719844309837   5.2006754458489e-10    
4.97   35.7924883328307    8.93751166716964   5.17985654369113e-10    
4.975   35.837176670971    8.93782332902933   5.15932185862766e-10    
4.98   35.8818665635314    8.93813343646901   5.13885822783777e-10    
4.985   35.926558002759    8.93844199724139   5.11846565132146e-10    
4.99   35.9712509809399    8.93874901906049   5.09807307480514e-10    
4.995   36.0159454903985    8.93905450960189   5.07789366110956e-10    
5   36.0606415234975    8.93935847650286   5.05764319314039e-10    
5.005   36.1053390726378    8.93966092736259   5.03767694226553e-10    
5.01   36.150038130258    8.93996186974237   5.01728436574922e-10    
5.015   36.1947386888346    8.94026131116576   4.99717600632721e-10    
5.02   36.2394407408816    8.94055925911883   4.97728080972593e-10    
5.025   36.2841442789501    8.94085572105029   4.95703034175676e-10    
5.03   36.3288492956287    8.9411507043717   4.93713514515548e-10    
5.035   36.3735557835427    8.94144421645765   4.91738205710135e-10    
5.04   36.4182637353544    8.94173626464596   4.89755791477364e-10    
5.045   36.4629731437625    8.94202685623787   4.87801798954024e-10    
5.05   36.5076840015021    8.94231599849816   4.85840701003326e-10    
5.055   36.5523963013449    8.94260369865542   4.83900919334701e-10    
5.06   36.5971100360982    8.94288996390216   4.81961137666076e-10    
5.065   36.6418251986053    8.94317480139503   4.80056883134239e-10    
5.07   36.6865417817453    8.94345821825498   4.78138417747687e-10    
5.075   36.7312597784329    8.94374022156745   4.76212846933777e-10    
5.08   36.7759791816178    8.94402081838253   4.74301486974582e-10    
5.085   36.8206999842852    8.94430001571517   4.72418548724818e-10    
5.09   36.865422179455    8.94457782054529   4.70500083338266e-10    
5.095   36.9101457601822    8.94485423981805   4.68588723379071e-10    
5.1   36.9548707195564    8.94512928044393   4.66719995984022e-10    
5.105   36.9995970507013    8.94540294929898   4.6485837401633e-10    
5.11   37.0443247467754    8.94567525322491   4.62968330339208e-10    
5.115   37.0890538009709    8.94594619902935   4.61099602944159e-10    
5.12   37.1337842065143    8.94621579348596   4.59245086403826e-10    
5.125   37.1785159566656    8.94648404333461   4.57383464436134e-10    
5.13   37.2232490447187    8.94675095528155   4.55557369605231e-10    
5.135   37.2679834640006    8.94701653599961   4.53731274774327e-10    
5.14   37.3127192078719    8.94728079212832   4.51905179943424e-10    
5.145   37.3574562697262    8.94754373027408   4.50107506821951e-10    
5.15   37.4021946429899    8.94780535701038   4.48288517418405e-10    
5.155   37.4469343211224    8.94806567887789   4.46519266006362e-10    
5.16   37.4916752976156    8.94832470238468   4.44735803739604e-10    
5.165   37.536417565994    8.94858243400633   4.42959446900204e-10    
5.17   37.5811611198141    8.94883888018616   4.41154668351373e-10    
5.175   37.625905952665    8.94909404733534   4.39399627794046e-10    
5.18   37.6706520581672    8.94934794183305   4.37601954672573e-10    
5.185   37.7153994299736    8.94960057002667   4.35839808687888e-10    
5.19   37.7601480617684    8.94985193823191   4.34070557275845e-10    
5.195   37.8048979472673    8.95010205273302   4.32329727573233e-10    
5.2   37.8496490802174    8.95035091978284   4.30567581588548e-10    
5.205   37.8944014543972    8.95059854560307   4.28833857313293e-10    
5.21   37.9391550636159    8.95084493638438   4.27107238465396e-10    
5.215   37.9839099017137    8.95109009828654   4.25394830472214e-10    
5.22   38.0286659625617    8.95133403743861   4.23682422479033e-10    
5.225   38.0734232400612    8.95157675993909   4.21984225340566e-10    
5.23   38.1181817281442    8.95181827185605   4.20307344484172e-10    
5.235   38.162941420773    8.9520585792273   4.18602041918348e-10    
5.24   38.2077023119398    8.95229768806055   4.16932266489312e-10    
5.245   38.2524643956668    8.9525356043335   4.15255385632918e-10    
5.25   38.2972276660062    8.9527723339941   4.13578504776524e-10    
5.255   38.3419921170397    8.95300788296058   4.11915834774845e-10    
5.26   38.3867577428786    8.9532422571217   4.10238953918451e-10    
5.265   38.4315245376635    8.95347546233683   4.08576283916773e-10    
5.27   38.4762924955642    8.95370750443609   4.06913613915094e-10    
5.275   38.5210616107797    8.95393838922055   4.052367330587e-10    
5.28   38.5658318775379    8.95416812246235   4.03588273911737e-10    
5.285   38.6106032900954    8.95439670990483   4.01946920192131e-10    
5.29   38.6553758427375    8.95462415726268   4.0031977732724e-10    
5.295   38.7001495297781    8.9548504702221   3.98706845317065e-10    
5.3   38.7449243455593    8.95507565444094   3.9709391330689e-10    
5.305   38.7897002844514    8.9552997155488   3.95488086724072e-10    
5.31   38.834477340853    8.95552265914723   3.93882260141254e-10    
5.315   38.8792555091904    8.95574449080982   3.92290644413151e-10    
5.32   38.9240347839179    8.95596521608237   3.90699028685049e-10    
5.325   38.9688151595172    8.95618484048304   3.89100307529588e-10    
5.33   39.0135966304978    8.95640336950244   3.87530008083559e-10    
5.335   39.0583791913964    8.95662080860381   3.85952603210171e-10    
5.34   39.103162836777    8.95683716322315   3.84375198336784e-10    
5.345   39.1479475612309    8.95705243876932   3.82819109745469e-10    
5.35   39.192733359376    8.95726664062422   3.81284337436227e-10    
5.355   39.2375202258573    8.95747977414292   3.7973535427227e-10    
5.36   39.2823081553464    8.95769184465377   3.78165054826241e-10    
5.365   39.3270971425417    8.95790285745853   3.76644493371714e-10    
5.37   39.3718871821677    8.95811281783253   3.7511682648983e-10    
5.375   39.4166782689754    8.95832173102481   3.73596265035303e-10    
5.38   39.461470397742    8.95852960225819   3.72054387298704e-10    
5.385   39.5062635632707    8.95873643672947   3.70533825844177e-10    
5.39   39.5510577603906    8.95894223960953   3.69020369817008e-10    
5.395   39.5958529839567    8.95914701604343   3.67521124644554e-10    
5.4   39.6406492288495    8.95935077115061   3.66028984899458e-10    
5.405   39.6854464899752    8.95955351002496   3.64529739727004e-10    
5.41   39.7302447622652    8.95975523773495   3.63037599981908e-10    
5.415   39.7750440406763    8.9599559593238   3.61559671091527e-10    
5.42   39.8198443201906    8.96015567980955   3.60081742201146e-10    
5.425   39.8646455958149    8.96035440418523   3.58625129592838e-10    
5.43   39.9094478625812    8.96055213741895   3.57154306129814e-10    
5.435   39.9542511155461    8.96074888445405   3.55719009803579e-10    
5.44   39.9990553497909    8.96094465020922   3.54269502622628e-10    
5.445   40.0438605604215    8.96113943957861   3.52805784586963e-10    
5.45   40.0886667425682    8.96133325743198   3.51377593688085e-10    
5.455   40.1334738913854    8.96152610861477   3.49942297361849e-10    
5.46   40.1782820020518    8.96171799794827   3.48499895608256e-10    
5.465   40.2230910697704    8.96190893022973   3.47085915564094e-10    
5.47   40.2679010897676    8.96209891023247   3.45643513810501e-10    
5.475   40.3127120572941    8.96228794270599   3.44243744621053e-10    
5.48   40.357523967624    8.96247603237611   3.42822659149533e-10    
5.485   40.402336816055    8.9626631839451   3.41437100814801e-10    
5.49   40.4471505979084    8.96284940209174   3.40058647907426e-10    
5.495   40.4919653085286    8.9630346914715   3.38680195000052e-10    
5.5   40.5367809432835    8.96321905671663   3.37315952947392e-10    
5.505   40.5815974975639    8.96340250243626   3.35965921749448e-10    
5.51   40.6264149667836    8.96358503321655   3.34587468842074e-10    
5.515   40.6712333463794    8.96376665362078   3.33237437644129e-10    
5.52   40.7160526318107    8.96394736818946   3.31880301018828e-10    
5.525   40.7608728185597    8.96412718144048   3.30501848111453e-10    
5.53   40.805693902131    8.96430609786916   3.29130500631436e-10    
5.535   40.8505158780517    8.96448412194844   3.27780469433492e-10    
5.54   40.8953387418712    8.96466125812893   3.2645175451762e-10    
5.545   40.9401624891611    8.96483751083902   3.25108828747034e-10    
5.55   40.9849871155151    8.96501288448506   3.23780113831162e-10    
5.555   41.0298126165487    8.96518738345138   3.22451398915291e-10    
5.56   41.0746389878996    8.96536101210049   3.21115578572062e-10    
5.565   41.119466225227    8.9655337747731   3.19801074510906e-10    
5.57   41.1642943242118    8.96570567578829   3.1851499215918e-10    
5.575   41.2091232805565    8.96587671944358   3.17179171815951e-10    
5.58   41.253953089985    8.96604691001509   3.15871773182153e-10    
5.585   41.2987837482425    8.96621625175758   3.14578585403069e-10    
5.59   41.3436152510955    8.96638474890461   3.13285397623986e-10    
5.595   41.3884475943315    8.96655240566861   3.12006420699618e-10    
5.6   41.4332807737591    8.96671922624102   3.10748760057322e-10    
5.605   41.4781147852078    8.96688521479235   3.09491099415027e-10    
5.61   41.5229496245278    8.96705037547232   3.08205017063301e-10    
5.615   41.5677852875901    8.96721471240997   3.06947356421006e-10    
5.62   41.6126217702864    8.96737822971372   3.05703906633426e-10    
5.625   41.6574590685286    8.96754093147151   3.04453351418488e-10    
5.63   41.7022971782492    8.96770282175092   3.0320279620355e-10    
5.635   41.7471360954009    8.96786390459919   3.0195934641597e-10    
5.64   41.7919758159567    8.9680241840434   3.0071589662839e-10    
5.645   41.8368163359096    8.96818366409055   2.99479552268167e-10    
5.65   41.8816576512724    8.96834234872765   2.98236102480587e-10    
5.655   41.9264997580783    8.96850024192182   2.97006863547722e-10    
5.66   41.9713426523797    8.9686573476204   2.95791835469572e-10    
5.665   42.016186330249    8.96881366975104   2.94562596536707e-10    
5.67   42.0610307877783    8.96896921222181   2.93333357603842e-10    
5.675   42.1058760210788    8.96912397892126   2.9212543495305e-10    
5.68   42.1507220262815    8.96927797371858   2.90967250293761e-10    
5.685   42.1955687995365    8.96943120046364   2.89794854779757e-10    
5.69   42.240416337013    8.96958366298713   2.88572721274249e-10    
5.695   42.2852646348995    8.96973536510061   2.87393220332888e-10    
5.7   42.3301136894035    8.96988631059664   2.86213719391526e-10    
5.705   42.3749634967512    8.97003650324887   2.85027113022807e-10    
5.71   42.419814053188    8.97018594681212   2.83854717508802e-10    
5.715   42.4646653549776    8.97033464502249   2.82710743704229e-10    
5.72   42.5095173984027    8.97048260159746   2.8155255904494e-10    
5.725   42.5543701797641    8.97062982023592   2.80358847248863e-10    
5.73   42.5992236953817    8.97077630461836   2.79193557162216e-10    
5.735   42.6440779415931    8.9709220584069   2.78042477930285e-10    
5.74   42.6889329147546    8.97106708524539   2.76877187843638e-10    
5.745   42.7337886112405    8.97121138875951   2.75740319466422e-10    
5.75   42.7786450274432    8.97135497255685   2.74617661943921e-10    
5.755   42.8235021597731    8.97149784022701   2.73502109848778e-10    
5.76   42.8683600046584    8.97163999534169   2.72365241471562e-10    
5.765   42.9132185585453    8.97178144145478   2.71235478521703e-10    
5.77   42.9580778178976    8.97192218210245   2.70112820999202e-10    
5.775   43.0029377791968    8.9720622208032   2.68997268904059e-10    
5.78   43.047798438942    8.97220156105802   2.67874611381558e-10    
5.785   43.0926597936496    8.97234020635042   2.6677327014113e-10    
5.79   43.1375218398535    8.97247816014654   2.65707456037489e-10    
5.795   43.1823845741048    8.97261542589524   2.64606114797061e-10    
5.8   43.2272479929719    8.97275200702815   2.63497668129276e-10    
5.805   43.2721120930402    8.97288790695983   2.62424748598278e-10    
5.81   43.3169768709123    8.97302312908777   2.61344723639922e-10    
5.815   43.3618423232075    8.97315767679254   2.60236276972137e-10    
5.82   43.4067084465622    8.97329155343783   2.59149146586424e-10    
5.825   43.4515752376294    8.97342476237057   2.58062016200711e-10    
5.83   43.496442693079    8.97355730692099   2.56996202097071e-10    
5.835   43.5413108095973    8.97368919040271   2.55937493420788e-10    
5.84   43.5861795838872    8.97382041611281   2.54900101026578e-10    
5.845   43.6310490126681    8.97395098733196   2.53834286922938e-10    
5.85   43.6759190926756    8.97408090732444   2.52768472819298e-10    
5.855   43.7207898206618    8.97421017933825   2.51723974997731e-10    
5.86   43.7656611933948    8.9743388066052   2.50658160894091e-10    
5.865   43.810533207659    8.97446679234098   2.49627873927238e-10    
5.87   43.8554058602547    8.97459413974525   2.48604692387744e-10    
5.875   43.9002791479983    8.97472085200169   2.47560194566177e-10    
5.88   43.9451530677219    8.97484693227811   2.4654411845404e-10    
5.885   43.9900276162735    8.97497238372653   2.45520936914545e-10    
5.89   44.0349027905168    8.97509720948324   2.44511966229766e-10    
5.895   44.0797785873311    8.97522141266889   2.43510100972344e-10    
5.9   44.1246550036114    8.97534499638858   2.42501130287565e-10    
5.905   44.1695320362681    8.97546796373189   2.41499265030143e-10    
5.91   44.214409682227    8.97559031777302   2.40504505200079e-10    
5.915   44.2592879384292    8.97571206157083   2.39509745370015e-10    
5.92   44.3041668018311    8.97583319816891   2.3851498553995e-10    
5.925   44.3490462694043    8.9759537305957   2.37506014855171e-10    
5.93   44.3939263381355    8.97607366186449   2.36539676734537e-10    
5.935   44.4388070050264    8.97619299497359   2.35573338613904e-10    
5.94   44.4836882670937    8.97631173290632   2.34585684211197e-10    
5.945   44.5285701213689    8.97642987863115   2.33626451517921e-10    
5.95   44.5734525648983    8.9765474351017   2.32660113397287e-10    
5.955   44.6183355947431    8.97666440525692   2.31679564421938e-10    
5.96   44.6632192079789    8.97678079202106   2.30691910019232e-10    
5.965   44.7081034016962    8.97689659830379   2.29725571898598e-10    
5.97   44.7529881729997    8.97701182700028   2.28780550060037e-10    
5.975   44.7978735190088    8.97712648099125   2.27863949930907e-10    
5.98   44.842759436857    8.97724056314305   2.26890506382915e-10    
5.985   44.8876459236923    8.97735407630776   2.25966800826427e-10    
5.99   44.9325329766768    8.97746702332319   2.24986251851078e-10    
5.995   44.977420592987    8.97757940701303   2.24076757149305e-10    
6   45.0223087698131    8.97769123018688   2.23138840738102e-10    
