# x      Y       Yex     err
0		0		0		0
0.001		-0.0014999962500007		-0.0014999975		1.24999929829693e-09
0.002		-0.0029999775000089		-0.00299998		2.49999109695059e-09
0.003		-0.00449992875003211		-0.0044999325		3.74996789523352e-09
0.004		-0.00599983500007781		-0.00599984		4.9999221932856e-09
0.005		-0.00749968125015351		-0.0074996875		6.24984649102989e-09
0.006		-0.00899945250026671		-0.00899946		7.49973329099152e-09
0.007		-0.0104991337504249		-0.0104991425		8.74957509222618e-09
0.008		-0.0119987100006356		-0.01199872		9.99936439032012e-09
0.009		-0.0134981662509063		-0.0134981775		1.12490936895332e-08
0.01		-0.0149974875012445		-0.0149975		1.24987554854517e-08
0.011		-0.0164966587516577		-0.0164966725		1.37483422840701e-08
0.012		-0.0179956650021534		-0.01799568		1.499784657924e-08
0.013		-0.0194944912527391		-0.0194945075		1.62472608734865e-08
0.014		-0.0209931225034223		-0.02099314		1.74965776623959e-08
0.015		-0.0224915437542105		-0.0224915625		1.87457894519627e-08
0.016		-0.0239897400051113		-0.02398976		1.99948887343038e-08
0.017		-0.025487696256132		-0.0254877175		2.12438680223526e-08
0.018		-0.0269853975072802		-0.02698542		2.2492719801287e-08
0.019		-0.0284828287585634		-0.0284828525		2.37414365736321e-08
0.02		-0.0299799750099891		-0.02998		2.49900108523216e-08
0.021		-0.0314768212615649		-0.0314768475		2.62384351260025e-08
0.022		-0.0329733525132981		-0.03297338		2.74867019006697e-08
0.023		-0.0344695537651963		-0.0344695825		2.87348036684398e-08
0.024		-0.0359654100172671		-0.03596544		2.99827329353075e-08
0.025		-0.0374609062695178		-0.0374609375		3.12304822142062e-08
0.026		-0.038956027521956		-0.03895606		3.24780439833749e-08
0.027		-0.0404507587745893		-0.0404507925		3.37254107418694e-08
0.028		-0.041945085027425		-0.04194512		3.4972575009562e-08
0.029		-0.0434389912804707		-0.0434390275		3.62195292785694e-08
0.03		-0.044932462533734		-0.0449325		3.74662660410086e-08
0.031		-0.0464254837872222		-0.0464255225		3.87127777959351e-08
0.032		-0.0479180400409429		-0.04791808		3.99590570632213e-08
0.033		-0.0494101162949037		-0.0494101575		4.12050963280453e-08
0.034		-0.0509016975491119		-0.05090174		4.24508880825236e-08
0.035		-0.0523927688035752		-0.0523928125		4.36964248395899e-08
0.036		-0.0538833150583009		-0.05388336		4.49416991052387e-08
0.037		-0.0553733213132966		-0.0553733675		4.61867033507701e-08
0.038		-0.0568627725685699		-0.05686282		4.74314301099343e-08
0.039		-0.0583516538241281		-0.0583517025		4.8675871881787e-08
0.04		-0.0598399500799789		-0.05984		4.99200211445672e-08
0.041		-0.0613276463361296		-0.0613276975		5.11638704181472e-08
0.042		-0.0628147275925878		-0.06281478		5.24074121877049e-08
0.043		-0.064301178849361		-0.0643012325		5.36506389592351e-08
0.044		-0.0657869851064568		-0.06578704		5.48935432248543e-08
0.045		-0.0672721313638825		-0.0672721875		5.61361174905572e-08
0.046		-0.0687566026216458		-0.06875666		5.73783542484607e-08
0.047		-0.070240383879754		-0.0702404425		5.86202459906815e-08
0.048		-0.0717234601382148		-0.07172352		5.9861785237092e-08
0.049		-0.0732058163970355		-0.0732058775		6.11029644798089e-08
0.05		-0.0746874376562238		-0.0746875		6.23437762109491e-08
0.051		-0.0761683089157871		-0.0761683725		6.35842129365072e-08
0.052		-0.0776484151757328		-0.07764848		6.48242671763555e-08
0.053		-0.0791277414360686		-0.0791278075		6.60639313948552e-08
0.054		-0.0806062726968019		-0.08060634		6.7303198098001e-08
0.055		-0.0820839939579402		-0.0820840625		6.85420598056652e-08
0.056		-0.083560890219491		-0.08356096		6.97805090099646e-08
0.057		-0.0850369464814618		-0.0850370175		7.10185382168937e-08
0.058		-0.0865121477438601		-0.08651222		7.22561399185695e-08
0.059		-0.0879864790066934		-0.0879865525		7.34933066071086e-08
0.06		-0.0894599252699692		-0.08946		7.47300307746279e-08
0.061		-0.090932471533695		-0.0909325475		7.59663049548776e-08
0.062		-0.0924041027978784		-0.09240418		7.72021216260965e-08
0.063		-0.0938748040625267		-0.0938748825		7.84374733081572e-08
0.064		-0.0953445603276475		-0.09534464		7.96723524792986e-08
0.065		-0.0968133565932483		-0.0968134375		8.09067516593931e-08
0.066		-0.0982811778593367		-0.09828126		8.21406633544353e-08
0.067		-0.09974800912592		-0.0997480925		8.33740800287863e-08
0.068		-0.101213835393006		-0.10121392		8.46069942023187e-08
0.069		-0.102678641660602		-0.1026787275		8.5839398367149e-08
0.07		-0.104142412928715		-0.1041425		8.70712850431499e-08
0.071		-0.105605134197353		-0.1056052225		8.83026467224379e-08
0.072		-0.107066790466524		-0.10706688		8.953347589713e-08
0.073		-0.108527366736235		-0.1085274575		9.07637650315873e-08
0.074		-0.109986848006493		-0.10998694		9.19935067150712e-08
0.075		-0.111445219277307		-0.1114453125		9.32226933841873e-08
0.076		-0.112902465548682		-0.11290256		9.4451317558808e-08
0.077		-0.114358571820628		-0.1143586675		9.56793717449278e-08
0.078		-0.115813523093152		-0.11581362		9.69068483930302e-08
0.079		-0.11726730436626		-0.1172674025		9.81337400784987e-08
0.08		-0.118719900639961		-0.11872		9.93600392656946e-08
0.081		-0.120171296914262		-0.1201713975		1.00585738432857e-07
0.082		-0.12162147818917		-0.12162158		1.0181083008598e-07
0.083		-0.123070429464693		-0.1230705325		1.03035306717181e-07
0.084		-0.124518135740839		-0.12451824		1.04259160846332e-07
0.085		-0.125964582017615		-0.1259646875		1.05482384993305e-07
0.086		-0.127409753295028		-0.12740986		1.0670497163634e-07
0.087		-0.128853634573087		-0.1288537425		1.07926913295309e-07
0.088		-0.130296210851798		-0.13029632		1.0914820244845e-07
0.089		-0.131737467131168		-0.1317375775		1.10368831629515e-07
0.09		-0.133177388411207		-0.1331775		1.11588793288986e-07
0.091		-0.13461595969192		-0.1346160725		1.12808079960613e-07
0.092		-0.136053165973316		-0.13605328		1.14026684122637e-07
0.093		-0.137488992255402		-0.1374891075		1.15244598336561e-07
0.094		-0.138923423538185		-0.13892354		1.16461815052871e-07
0.095		-0.140356444821673		-0.1403565625		1.17678326722048e-07
0.096		-0.141788041105874		-0.14178816		1.18894125961111e-07
0.097		-0.143218197390795		-0.1432183175		1.20109205137275e-07
0.098		-0.144646898676443		-0.14464702		1.21323556812047e-07
0.099		-0.146074129962827		-0.1460742525		1.22537173519177e-07
0.1		-0.147499876249952		-0.1475		1.23750047709148e-07
0.101		-0.148924122537828		-0.1489242475		1.24962171887955e-07
0.102		-0.150346853826461		-0.15034698		1.26173538561591e-07
0.103		-0.15176805511586		-0.1517681825		1.27384140236053e-07
0.104		-0.153187711406031		-0.15318784		1.2859396944509e-07
0.105		-0.154605807696981		-0.1546059375		1.29803018666941e-07
0.106		-0.15602232898872		-0.15602246		1.310112804076e-07
0.107		-0.157437260281253		-0.1574373925		1.32218747173063e-07
0.108		-0.158850586574589		-0.15885072		1.33425411413812e-07
0.109		-0.160262292868734		-0.1602624275		1.34631265635843e-07
0.11		-0.161672364163698		-0.1616725		1.35836302372905e-07
0.111		-0.163080785459486		-0.1630809225		1.37040514103237e-07
0.112		-0.164487541756107		-0.16448768		1.38243893305079e-07
0.113		-0.165892618053567		-0.1658927575		1.39446432567691e-07
0.114		-0.167295999351876		-0.16729614		1.40648124313802e-07
0.115		-0.168697670651039		-0.1686978125		1.41848961104918e-07
0.116		-0.170097616951065		-0.17009776		1.43048935363765e-07
0.117		-0.17149582325196		-0.1714959675		1.44248039624095e-07
0.118		-0.172892274553734		-0.17289242		1.45446266364146e-07
0.119		-0.174286955856392		-0.1742871025		1.46643608117669e-07
0.12		-0.175679852159943		-0.17568		1.47840057362902e-07
0.121		-0.177070948464393		-0.1770710975		1.49035606605841e-07
0.122		-0.178460229769752		-0.17846038		1.5023024840799e-07
0.123		-0.179847681076025		-0.1798478325		1.51423975192078e-07
0.124		-0.181233287383221		-0.18123344		1.52616779491854e-07
0.125		-0.182617033691346		-0.1826171875		1.53808653813314e-07
0.126		-0.183998905000409		-0.18399906		1.54999590634697e-07
0.127		-0.185378886310418		-0.1853790425		1.56189582461996e-07
0.128		-0.186756962621378		-0.18675712		1.57378621773452e-07
0.129		-0.188133118933299		-0.1881332775		1.58566701075058e-07
0.13		-0.189507340246187		-0.1895075		1.59753812872809e-07
0.131		-0.19087961156005		-0.1908797725		1.609399496727e-07
0.132		-0.192249917874896		-0.19225008		1.62125103925215e-07
0.133		-0.193618244190732		-0.1936184075		1.63309268191858e-07
0.134		-0.194984575507565		-0.19498474		1.64492434978625e-07
0.135		-0.196348896825403		-0.1963490625		1.65674596763754e-07
0.136		-0.197711193144254		-0.19771136		1.66855746025485e-07
0.137		-0.199071449464125		-0.1990716175		1.68035875297567e-07
0.138		-0.200429650785023		-0.20042982		1.69214977058241e-07
0.139		-0.201785782106956		-0.2017859525		1.70393043813499e-07
0.14		-0.203139828429932		-0.20314		1.71570068069338e-07
0.141		-0.204491774753958		-0.2044919475		1.72746042276239e-07
0.142		-0.205841606079041		-0.20584178		1.7392095899571e-07
0.143		-0.207189307405189		-0.2071894825		1.75094810678234e-07
0.144		-0.20853486373241		-0.20853504		1.76267589857559e-07
0.145		-0.209878260060711		-0.2098784375		1.7743928892866e-07
0.146		-0.211219481390099		-0.21121966		1.7860990059182e-07
0.147		-0.212558512720583		-0.2125586925		1.7977941724201e-07
0.148		-0.213895339052169		-0.21389552		1.80947831412981e-07
0.149		-0.215229945384864		-0.2152301275		1.82115135582972e-07
0.15		-0.216562316718678		-0.2165625		1.83281322257978e-07
0.151		-0.217892438053616		-0.2178926225		1.84446383916237e-07
0.152		-0.219220294389687		-0.21922048		1.85610313119255e-07
0.153		-0.220545870726898		-0.2205460575		1.86773102289761e-07
0.154		-0.221869152065256		-0.22186934		1.87934743961504e-07
0.155		-0.223190123404769		-0.2231903125		1.89095230668235e-07
0.156		-0.224508769745445		-0.22450896		1.90254554860436e-07
0.157		-0.225825076087291		-0.2258252675		1.91412709044103e-07
0.158		-0.227139027430314		-0.22713922		1.92569685697475e-07
0.159		-0.228450608774523		-0.2284508025		1.93725477382056e-07
0.16		-0.229759805119923		-0.22976		1.94880076548332e-07
0.161		-0.231066601466524		-0.2310667975		1.96033475702295e-07
0.162		-0.232370982814333		-0.23237118		1.97185667349942e-07
0.163		-0.233672934163356		-0.2336731325		1.98336644052777e-07
0.164		-0.234972440513602		-0.23497264		1.99486398205773e-07
0.165		-0.236269486865078		-0.2362696875		2.0063492234268e-07
0.166		-0.237564058217791		-0.23756426		2.01782209025003e-07
0.167		-0.238856139571749		-0.2388563425		2.02928250675471e-07
0.168		-0.24014571592696		-0.24014592		2.04073039883346e-07
0.169		-0.241432772283431		-0.2414329775		2.05216569071354e-07
0.17		-0.242717293641169		-0.2427175		2.0635883074549e-07
0.171		-0.243999265000183		-0.2439994725		2.07499817411749e-07
0.172		-0.245278671360478		-0.24527888		2.08639521548371e-07
0.173		-0.246555497722064		-0.2465557075		2.09777935661348e-07
0.174		-0.247829729084948		-0.24782994		2.10915052284433e-07
0.175		-0.249101350449136		-0.2491015625		2.12050863923618e-07
0.176		-0.250370346814637		-0.25037056		2.131853630849e-07
0.177		-0.251636703181458		-0.2516369175		2.14318542135494e-07
0.178		-0.252900404549606		-0.25290062		2.15450393858951e-07
0.179		-0.25416143591909		-0.2541616525		2.16580910372688e-07
0.18		-0.255419782289915		-0.25542		2.17710084571276e-07
0.181		-0.256675428662091		-0.2566756475		2.18837908572134e-07
0.182		-0.257928360035625		-0.25792858		2.19964375269832e-07
0.183		-0.259178561410523		-0.2591787825		2.210894768373e-07
0.184		-0.260426017786794		-0.26042624		2.22213205947064e-07
0.185		-0.261670714164445		-0.2616709375		2.23335554994097e-07
0.186		-0.262912635543483		-0.26291286		2.24456516595417e-07
0.187		-0.264151766923917		-0.2641519925		2.25576083145995e-07
0.188		-0.265388093305753		-0.26538832		2.26694247262849e-07
0.189		-0.266621599688999		-0.2666218275		2.2781100134095e-07
0.19		-0.267852271073662		-0.2678525		2.28926338052826e-07
0.191		-0.26908009245975		-0.2690803225		2.30040249515895e-07
0.192		-0.270305048847271		-0.27030528		2.3115272868024e-07
0.193		-0.271527125236232		-0.2715273575		2.32263767607765e-07
0.194		-0.272746306626641		-0.27274654		2.33373359304068e-07
0.195		-0.273962578018504		-0.2739628125		2.34481495886563e-07
0.196		-0.27517592441183		-0.27517616		2.35588170027778e-07
0.197		-0.276386330806626		-0.2763865675		2.36693374011665e-07
0.198		-0.277593782202899		-0.27759402		2.37797100732795e-07
0.199		-0.278798263600658		-0.2787985025		2.38899342308585e-07
0.2		-0.279999759999909		-0.28		2.40000091467074e-07
0.201		-0.281198256400659		-0.2811984975		2.41099340547724e-07
0.202		-0.282393737802918		-0.28239398		2.42197082278572e-07
0.203		-0.283586189206691		-0.2835864325		2.43293308943571e-07
0.204		-0.284775595611987		-0.28477584		2.44388013215247e-07
0.205		-0.285961942018813		-0.2859621875		2.45481187322039e-07
0.206		-0.287145213427176		-0.28714546		2.4657282415852e-07
0.207		-0.288325394837084		-0.2883256425		2.47662915675573e-07
0.208		-0.289502471248545		-0.28950272		2.48751454878793e-07
0.209		-0.290676427661566		-0.2906766775		2.49838433941107e-07
0.21		-0.291847249076154		-0.2918475		2.50923845535045e-07
0.211		-0.293014920492318		-0.2930151725		2.520076821666e-07
0.212		-0.294179426910064		-0.29417968		2.53089936230744e-07
0.213		-0.2953407533294		-0.2953410075		2.54170600344494e-07
0.214		-0.296498884750333		-0.29649914		2.55249666902824e-07
0.215		-0.297653806172871		-0.2976540625		2.5632712857826e-07
0.216		-0.298805502597022		-0.29880576		2.57402977654753e-07
0.217		-0.299953959022793		-0.2999542175		2.5847720680483e-07
0.218		-0.301099160450192		-0.30109942		2.59549808478976e-07
0.219		-0.302241091879225		-0.3022413525		2.60620775127673e-07
0.22		-0.303379738309901		-0.30338		2.61690099312428e-07
0.221		-0.304515084742226		-0.3045153475		2.62757773539235e-07
0.222		-0.30564711617621		-0.30564738		2.63823790258577e-07
0.223		-0.306775817611858		-0.3067760825		2.64888141976449e-07
0.224		-0.307901174049179		-0.30790144		2.65950821254357e-07
0.225		-0.309023170488179		-0.3090234375		2.67011820542784e-07
0.226		-0.310141791928868		-0.31014206		2.68071132347725e-07
0.227		-0.311257023371251		-0.3112572925		2.69128749119663e-07
0.228		-0.312368849815337		-0.31236912		2.70184663420103e-07
0.229		-0.313477256261132		-0.3134775275		2.7123886769953e-07
0.23		-0.314582227708646		-0.3145825		2.72291354519449e-07
0.231		-0.315683749157884		-0.3156840225		2.73342116385855e-07
0.232		-0.316781805608854		-0.31678208		2.74391145749231e-07
0.233		-0.317876382061565		-0.3178766575		2.75438435171083e-07
0.234		-0.318967463516023		-0.31896774		2.76483976990871e-07
0.235		-0.320055034972236		-0.3200553125		2.77527763825614e-07
0.236		-0.321139081430212		-0.32113936		2.78569788125793e-07
0.237		-0.322219587889958		-0.3222198675		2.79610042452916e-07
0.238		-0.323296539351481		-0.32329682		2.80648519257465e-07
0.239		-0.324369920814789		-0.3243702025		2.81685211045435e-07
0.24		-0.32543971727989		-0.32544		2.82720110267309e-07
0.241		-0.32650591374679		-0.3265061975		2.83753209484594e-07
0.242		-0.327568495215499		-0.32756878		2.84784501314306e-07
0.243		-0.328627446686022		-0.3286277325		2.85813978095906e-07
0.244		-0.329682753158368		-0.32968304		2.868416323909e-07
0.245		-0.330734399632543		-0.3307346875		2.87867456705282e-07
0.246		-0.331782371108557		-0.33178266		2.88891443489536e-07
0.247		-0.332826652586415		-0.3328269425		2.89913585249657e-07
0.248		-0.333867229066126		-0.33386752		2.90933874436128e-07
0.249		-0.334904085547696		-0.3349043775		2.91952303721477e-07
0.25		-0.335937207031135		-0.3359375		2.92968865445165e-07
0.251		-0.336966578516448		-0.3369668725		2.93983552168697e-07
0.252		-0.337992185003644		-0.33799248		2.9499635639807e-07
0.253		-0.339014011492729		-0.3390143075		2.96007270694787e-07
0.254		-0.340032042983713		-0.34003234		2.97016287453822e-07
0.255		-0.341046264476601		-0.3410465625		2.9802339923668e-07
0.256		-0.342056660971401		-0.34205696		2.99028598549356e-07
0.257		-0.343063217468122		-0.3430635175		3.00031877786822e-07
0.258		-0.34406591896677		-0.34406622		3.01033229621606e-07
0.259		-0.345064750467353		-0.3450650525		3.02032646559702e-07
0.26		-0.346059696969879		-0.34606		3.03030120940573e-07
0.261		-0.347050743474355		-0.3470510475		3.04025645270212e-07
0.262		-0.348037874980788		-0.34803818		3.05019212221147e-07
0.263		-0.349021076489186		-0.3490213825		3.0601081413284e-07
0.264		-0.350000332999556		-0.35000064		3.07000443566796e-07
0.265		-0.350975629511907		-0.3509759375		3.07988092917988e-07
0.266		-0.351946951026245		-0.35194726		3.08973754858943e-07
0.267		-0.352914282542578		-0.3529145925		3.09957421840146e-07
0.268		-0.353877609060914		-0.35387792		3.10939086312079e-07
0.269		-0.354836915581259		-0.3548372275		3.11918740780737e-07
0.27		-0.355792187103622		-0.3557925		3.12896377696603e-07
0.271		-0.35674340862801		-0.3567437225		3.13871989676695e-07
0.272		-0.357690565154431		-0.35769088		3.14845569171496e-07
0.273		-0.358633641682891		-0.3586339575		3.15817108687e-07
0.274		-0.359572623213399		-0.35957294		3.16786600673691e-07
0.275		-0.360507494745962		-0.3605078125		3.17754037693074e-07
0.276		-0.361438241280588		-0.36143856		3.18719412195634e-07
0.277		-0.362364847817283		-0.3623651675		3.19682716742875e-07
0.278		-0.363287299356056		-0.36328762		3.20643943785281e-07
0.279		-0.364205580896914		-0.3642059025		3.21603085773337e-07
0.28		-0.365119677439865		-0.36512		3.22560135324057e-07
0.281		-0.366029573984915		-0.3660298975		3.23515084943438e-07
0.282		-0.366935255532073		-0.36693558		3.24467926970939e-07
0.283		-0.367836707081346		-0.3678370325		3.25418654023579e-07
0.284		-0.368733913632741		-0.36873424		3.26367258551841e-07
0.285		-0.369626860186267		-0.3696271875		3.27313732950696e-07
0.286		-0.37051553174193		-0.37051586		3.28258069837162e-07
0.287		-0.371399913299738		-0.3714002425		3.29200261661722e-07
0.288		-0.372279989859699		-0.37228032		3.30140301041393e-07
0.289		-0.37315574642182		-0.3731560775		3.31078180371147e-07
0.29		-0.374027167986108		-0.3740275		3.3201389221249e-07
0.291		-0.374894239552571		-0.3748945725		3.3294742918244e-07
0.292		-0.375756946121216		-0.37575728		3.33878783509434e-07
0.293		-0.376615272692052		-0.3766156075		3.34807947866e-07
0.294		-0.377469204265085		-0.37746954		3.35734914647112e-07
0.295		-0.378318725840323		-0.3783190625		3.36659676580808e-07
0.296		-0.379163822417774		-0.37916416		3.37582225895527e-07
0.297		-0.380004478997445		-0.3800048175		3.38502555319309e-07
0.298		-0.380840680579343		-0.38084102		3.39420657136102e-07
0.299		-0.381672412163476		-0.3816727525		3.40336523962925e-07
0.3		-0.382499658749852		-0.3825		3.41250148250261e-07
0.301		-0.383322405338477		-0.3833227475		3.42161522615125e-07
0.302		-0.384140636929361		-0.38414098		3.4307063934147e-07
0.303		-0.384954338522509		-0.3849546825		3.43977491212843e-07
0.304		-0.38576349511793		-0.38576384		3.44882070457686e-07
0.305		-0.38656809171563		-0.3865684375		3.45784369859548e-07
0.306		-0.387368113315618		-0.38736846		3.46684381702378e-07
0.307		-0.388163544917901		-0.3881638925		3.47582098603194e-07
0.308		-0.388954371522487		-0.38895472		3.48477512845946e-07
0.309		-0.389740578129383		-0.3897409275		3.49370617158673e-07
0.31		-0.390522149738596		-0.3905225		3.50261403936347e-07
0.311		-0.391299071350134		-0.3912994225		3.51149865684963e-07
0.312		-0.392071327964005		-0.39207168		3.52035994799493e-07
0.313		-0.392838904580216		-0.3928392575		3.52919784063488e-07
0.314		-0.393601786198774		-0.39360214		3.53801225760897e-07
0.315		-0.394359957819688		-0.3943603125		3.54680312508737e-07
0.316		-0.395113404442963		-0.39511376		3.55557036701981e-07
0.317		-0.395862111068609		-0.3958624675		3.56431390957646e-07
0.318		-0.396606062696632		-0.39660642		3.57303367504169e-07
0.319		-0.397345244327041		-0.3973456025		3.58172959291636e-07
0.32		-0.398079640959842		-0.39808		3.59040158437463e-07
0.321		-0.398809237595042		-0.3988095975		3.59904957669688e-07
0.322		-0.399534019232651		-0.39953438		3.60767349327773e-07
0.323		-0.400253970872674		-0.4002543325		3.61627326084246e-07
0.324		-0.40096907751512		-0.40096944		3.62484880223057e-07
0.325		-0.401679324159996		-0.4016796875		3.63340004416735e-07
0.326		-0.402384695807309		-0.40238506		3.64192690949228e-07
0.327		-0.403085177457067		-0.4030855425		3.65042932659598e-07
0.328		-0.403780754109278		-0.40378112		3.65890721720774e-07
0.329		-0.404471410763949		-0.4044717775		3.66736050860794e-07
0.33		-0.405157132421088		-0.4051575		3.6757891241912e-07
0.331		-0.405837904080701		-0.4058382725		3.6841929912379e-07
0.332		-0.406513710742797		-0.40651408		3.69257203147733e-07
0.333		-0.407184537407383		-0.4071849075		3.70092617163476e-07
0.334		-0.407850369074466		-0.40785074		3.70925533621502e-07
0.335		-0.408511190744055		-0.4085115625		3.7175594513883e-07
0.336		-0.409166987416156		-0.40916736		3.72583844054919e-07
0.337		-0.409817744090777		-0.4098181175		3.73409223097809e-07
0.338		-0.410463445767925		-0.41046382		3.74232074495939e-07
0.339		-0.411104077447609		-0.4111044525		3.75052391143882e-07
0.34		-0.411739624129835		-0.41174		3.75870165103542e-07
0.341		-0.412370070814611		-0.4123704475		3.76685389213982e-07
0.342		-0.412995402501944		-0.41299578		3.77498055537107e-07
0.343		-0.413615604191843		-0.4136159825		3.78308157023e-07
0.344		-0.414230660884314		-0.41423104		3.79115685955611e-07
0.345		-0.414840557579365		-0.4148409375		3.79920634951958e-07
0.346		-0.415445279277004		-0.41544566		3.8072299629599e-07
0.347		-0.416044810977237		-0.4160451925		3.81522762715747e-07
0.348		-0.416639137680073		-0.41663952		3.82319926495178e-07
0.349		-0.41722824438552		-0.4172286275		3.83114480473346e-07
0.35		-0.417812116093583		-0.4178125		3.83906416767665e-07
0.351		-0.418390737804272		-0.4183911225		3.84695728217199e-07
0.352		-0.418964094517593		-0.41896448		3.85482407105897e-07
0.353		-0.419532171233554		-0.4195325575		3.86266445828731e-07
0.354		-0.420094952952163		-0.42009534		3.87047837113741e-07
0.355		-0.420652424673427		-0.4206528125		3.87826573411409e-07
0.356		-0.421204571397353		-0.42120496		3.88602647338754e-07
0.357		-0.421751378123949		-0.4217517675		3.89376050957679e-07
0.358		-0.422292829853223		-0.42229322		3.90146777162759e-07
0.359		-0.422828911585182		-0.4228293025		3.90914818459986e-07
0.36		-0.423359608319833		-0.42336		3.91680167188824e-07
0.361		-0.423884905057184		-0.4238852975		3.92442815688732e-07
0.362		-0.424404786797243		-0.42440518		3.93202756743261e-07
0.363		-0.424919238540017		-0.4249196325		3.93959982858405e-07
0.364		-0.425428245285514		-0.42542864		3.94714486484649e-07
0.365		-0.42593179203374		-0.4259321875		3.95466260016963e-07
0.366		-0.426429863784704		-0.42643026		3.96215295961344e-07
0.367		-0.426922445538413		-0.4269228425		3.96961586934808e-07
0.368		-0.427409522294875		-0.42740992		3.97705125443348e-07
0.369		-0.427891079054096		-0.4278914775		3.98445903770916e-07
0.37		-0.428367100816085		-0.4283675		3.99183914534529e-07
0.371		-0.428837572580849		-0.4288379725		3.99919150517736e-07
0.372		-0.429302479348396		-0.42930288		4.00651603948976e-07
0.373		-0.429761806118733		-0.4297622075		4.01381267223222e-07
0.374		-0.430215537891867		-0.43021594		4.02108133068513e-07
0.375		-0.430663659667806		-0.4306640625		4.02832193935332e-07
0.376		-0.431106156446558		-0.43110656		4.03553442329674e-07
0.377		-0.431543013228129		-0.4315434175		4.04271870702022e-07
0.378		-0.431974215012528		-0.43197462		4.04987471613882e-07
0.379		-0.432399746799762		-0.4324001525		4.05700237515738e-07
0.38		-0.432819593589839		-0.43282		4.06410161080117e-07
0.381		-0.433233740382766		-0.4332341475		4.07117234424437e-07
0.382		-0.43364217217855		-0.43364258		4.07821450276735e-07
0.383		-0.434044873977199		-0.4340452825		4.08522801198519e-07
0.384		-0.43444183077872		-0.43444224		4.09221279640271e-07
0.385		-0.434833027583122		-0.4348334375		4.09916877941452e-07
0.386		-0.435218449390411		-0.43521886		4.1060958871908e-07
0.387		-0.435598081200595		-0.4355984925		4.11299404645682e-07
0.388		-0.435971908013682		-0.43597232		4.11986318171742e-07
0.389		-0.436339914829678		-0.4363403275		4.12670321470188e-07
0.39		-0.436702086648593		-0.4367025		4.13351407324569e-07
0.391		-0.437058408470432		-0.4370588225		4.14029568296392e-07
0.392		-0.437408865295203		-0.43740928		4.14704796614096e-07
0.393		-0.437753442122915		-0.4377538575		4.15377084839186e-07
0.394		-0.438092123953574		-0.43809254		4.1604642564419e-07
0.395		-0.438424895787188		-0.4384253125		4.16712811535103e-07
0.396		-0.438751742623765		-0.43875216		4.17376234906897e-07
0.397		-0.439072649463312		-0.4390730675		4.18036688099033e-07
0.398		-0.439387601305836		-0.43938802		4.1869416383955e-07
0.399		-0.439696583151345		-0.4396970025		4.19348654689955e-07
0.4		-0.439999579999847		-0.44		4.20000152989708e-07
0.401		-0.440296576851349		-0.4402969975		4.20648651189293e-07
0.402		-0.440587558705858		-0.44058798		4.21294141850215e-07
0.403		-0.440872510563382		-0.4408729325		4.21936617756025e-07
0.404		-0.441151417423929		-0.44115184		4.22576070968628e-07
0.405		-0.441424264287506		-0.4414246875		4.23212494105041e-07
0.406		-0.44169103615412		-0.44169146		4.23845879782281e-07
0.407		-0.441951718023779		-0.4419521425		4.24476220617365e-07
0.408		-0.442206294896491		-0.44220672		4.2510350878322e-07
0.409		-0.442454751772263		-0.4424551775		4.25727736896864e-07
0.41		-0.442697073651102		-0.4426975		4.26348897519802e-07
0.411		-0.442933245533017		-0.4429336725		4.26966983213539e-07
0.412		-0.443163252418014		-0.44316368		4.27581986484071e-07
0.413		-0.4433870793061		-0.4433875075		4.28193899559837e-07
0.414		-0.443604711197285		-0.44360514		4.28802715168874e-07
0.415		-0.443816133091574		-0.4438165625		4.29408425761668e-07
0.416		-0.444021329988976		-0.44402176		4.30011023899723e-07
0.417		-0.444220286889498		-0.4442207175		4.30610501978013e-07
0.418		-0.444412988793147		-0.44441342		4.31206852669064e-07
0.419		-0.444599420699932		-0.4445998525		4.31800068201316e-07
0.42		-0.444779567609859		-0.44478		4.32390141302808e-07
0.421		-0.444953414522936		-0.4449538475		4.32977064368512e-07
0.422		-0.44512094643917		-0.44512138		4.33560829904422e-07
0.423		-0.44528214835857		-0.4452825825		4.34141430416535e-07
0.424		-0.445437005281141		-0.44543744		4.34718858521865e-07
0.425		-0.445585502206894		-0.4455859375		4.35293106448853e-07
0.426		-0.445727624135833		-0.44572806		4.35864166925537e-07
0.427		-0.445863356067968		-0.4458637925		4.3643203234689e-07
0.428		-0.445992683003305		-0.44599312		4.36996695329928e-07
0.429		-0.446115589941852		-0.4461160275		4.37558148214112e-07
0.43		-0.446232061883616		-0.4462325		4.38116383671971e-07
0.431		-0.446342083828606		-0.4463425225		4.38671394098478e-07
0.432		-0.446445640776828		-0.44644608		4.39223172055137e-07
0.433		-0.44654271772829		-0.4465431575		4.3977170993692e-07
0.434		-0.446633299683		-0.44663374		4.40317000360846e-07
0.435		-0.446717371640964		-0.4467178125		4.40859035666374e-07
0.436		-0.446794918602192		-0.44679536		4.41397808470523e-07
0.437		-0.446865925566689		-0.4468663675		4.41933311223774e-07
0.438		-0.446930377534463		-0.44693082		4.42465536598657e-07
0.439		-0.446988259505523		-0.4469887025		4.4299447682361e-07
0.44		-0.447039556479875		-0.44704		4.43520124626673e-07
0.441		-0.447084253457528		-0.4470846975		4.44042472402817e-07
0.442		-0.447122335438487		-0.44712278		4.44561512824571e-07
0.443		-0.447153787422762		-0.4471542325		4.45077238064862e-07
0.444		-0.447178594410359		-0.44717904		4.45589640851729e-07
0.445		-0.447196741401286		-0.4471971875		4.46098713746679e-07
0.446		-0.447208213395551		-0.44720866		4.46604449144683e-07
0.447		-0.447212995393161		-0.4472134425		4.47106839496225e-07
0.448		-0.447211072394123		-0.44721152		4.47605877418322e-07
0.449		-0.447202429398445		-0.4472028775		4.48101555416969e-07
0.45		-0.447187051406134		-0.4471875		4.48593865998159e-07
0.451		-0.447164923417199		-0.4471653725		4.49082801445844e-07
0.452		-0.447136030431646		-0.44713648		4.49568354488061e-07
0.453		-0.447100357449483		-0.4471008075		4.50050517408762e-07
0.454		-0.447057889470717		-0.44705834		4.50529282935985e-07
0.455		-0.447008611495357		-0.4470090625		4.5100464329817e-07
0.456		-0.446952508523409		-0.44695296		4.51476591334377e-07
0.457		-0.446889565554881		-0.4468900175		4.51945119217534e-07
0.458		-0.44681976758978		-0.44682022		4.5241021962017e-07
0.459		-0.446743099628115		-0.4467435525		4.52871884992767e-07
0.46		-0.446659546669892		-0.44666		4.53330107841321e-07
0.461		-0.446569093715119		-0.4465695475		4.53784880727337e-07
0.462		-0.446471725763804		-0.44647218		4.54236195990276e-07
0.463		-0.446367427815954		-0.4463678825		4.54684046358178e-07
0.464		-0.446256184871576		-0.44625664		4.55128424170503e-07
0.465		-0.446137981930678		-0.4461384375		4.55569321933247e-07
0.466		-0.446012803993268		-0.44601326		4.56006732263425e-07
0.467		-0.445880636059352		-0.4458810925		4.564406475005e-07
0.468		-0.44574146312894		-0.44574192		4.56871060205977e-07
0.469		-0.445595270202037		-0.4455957275		4.57297962941361e-07
0.47		-0.445442042278652		-0.4454425		4.57721348212647e-07
0.471		-0.445281764358792		-0.4452822225		4.58141208414808e-07
0.472		-0.445114421442464		-0.44511488		4.58557536164861e-07
0.473		-0.444939998529676		-0.4449404575		4.58970323913288e-07
0.474		-0.444758480620436		-0.44475894		4.59379564221596e-07
0.475		-0.444569852714751		-0.4445703125		4.59785249429245e-07
0.476		-0.444374099812628		-0.44437456		4.60187372042231e-07
0.477		-0.444171206914075		-0.4441716675		4.6058592467757e-07
0.478		-0.4439611590191		-0.44396162		4.60980899841257e-07
0.479		-0.44374394112771		-0.4437444025		4.61372289983775e-07
0.48		-0.443519538239912		-0.44352		4.61760087611118e-07
0.481		-0.443287935355715		-0.4432883975		4.62144285284793e-07
0.482		-0.443049117475125		-0.44304958		4.62524875177728e-07
0.483		-0.44280306959815		-0.4428035325		4.62901850184494e-07
0.484		-0.442549776724797		-0.44255024		4.63275202811086e-07
0.485		-0.442289223855075		-0.4422896875		4.63644925341455e-07
0.486		-0.44202139598899		-0.44202186		4.64011010170573e-07
0.487		-0.44174627812655		-0.4417467425		4.64373449970967e-07
0.488		-0.441463855267762		-0.44146432		4.64732237470677e-07
0.489		-0.441174112412635		-0.4411745775		4.65087365120187e-07
0.49		-0.440877034561175		-0.4408775		4.65438825036912e-07
0.491		-0.44057260671339		-0.4405730725		4.65786610004404e-07
0.492		-0.440260813869287		-0.44026128		4.66130712584167e-07
0.493		-0.439941641028875		-0.4399421075		4.66471125226686e-07
0.494		-0.43961507319216		-0.43961554		4.66807840326933e-07
0.495		-0.43928109535915		-0.4392815625		4.6714085033539e-07
0.496		-0.438939692529852		-0.43894016		4.67470147980098e-07
0.497		-0.438590849704274		-0.4385913175		4.67795725656028e-07
0.498		-0.438234551882424		-0.43823502		4.68117575647131e-07
0.499		-0.437870784064309		-0.4378712525		4.68435690625935e-07
0.5		-0.437499531249937		-0.4375		4.68750063209455e-07
0.501		-0.437120778439314		-0.4371212475		4.69060685848177e-07
0.502		-0.436734510632449		-0.43673498		4.6936755082605e-07
0.503		-0.436340712829349		-0.4363411825		4.69670650982135e-07
0.504		-0.435939370030021		-0.43593984		4.69969978600382e-07
0.505		-0.435530467234474		-0.4355309375		4.7026552635332e-07
0.506		-0.435113989442714		-0.43511446		4.70557286413875e-07
0.507		-0.434689921654749		-0.4346903925		4.70845251399066e-07
0.508		-0.434258248870586		-0.43425872		4.71129413981419e-07
0.509		-0.433818956090233		-0.4338194275		4.71409766611419e-07
0.51		-0.433372028313698		-0.4333725		4.71686301573015e-07
0.511		-0.432917450540988		-0.4329179225		4.71959011594247e-07
0.512		-0.432455207772111		-0.43245568		4.72227889181109e-07
0.513		-0.431985285007073		-0.4319857575		4.72492926784085e-07
0.514		-0.431507667245883		-0.43150814		4.72754116576102e-07
0.515		-0.431022339488548		-0.4310228125		4.73011451507244e-07
0.516		-0.430529286735076		-0.43052976		4.73264923972483e-07
0.517		-0.430028493985474		-0.4300289675		4.73514526366792e-07
0.518		-0.429519946239749		-0.42952042		4.73760251140654e-07
0.519		-0.429003628497909		-0.4290041025		4.74002090800063e-07
0.52		-0.428479525759962		-0.42848		4.74240038184082e-07
0.521		-0.427947623025914		-0.4279480975		4.74474085632171e-07
0.522		-0.427407905295775		-0.42740838		4.74704225317257e-07
0.523		-0.42686035756955		-0.4268608325		4.7493044991187e-07
0.524		-0.426304964847248		-0.42630544		4.75152752144048e-07
0.525		-0.425741712128876		-0.4257421875		4.75371124353252e-07
0.526		-0.425170584414441		-0.42517106		4.75585558934455e-07
0.527		-0.424591566703951		-0.4245920425		4.75796048615695e-07
0.528		-0.424004643997414		-0.42400512		4.76002585902968e-07
0.529		-0.423409801294837		-0.4234102775		4.76205163135734e-07
0.53		-0.422807023596227		-0.4228075		4.76403772708966e-07
0.531		-0.422196295901593		-0.4221967725		4.76598407350703e-07
0.532		-0.42157760321094		-0.42157808		4.76789059622451e-07
0.533		-0.420950930524278		-0.4209514075		4.76975721974693e-07
0.534		-0.420316262841613		-0.42031674		4.77158386635868e-07
0.535		-0.419673585162954		-0.4196740625		4.77337046222992e-07
0.536		-0.419022882488306		-0.41902336		4.77511693464105e-07
0.537		-0.418364139817679		-0.4183646175		4.77682320698669e-07
0.538		-0.41769734215108		-0.41769782		4.77848920210633e-07
0.539		-0.417022474488515		-0.4170229525		4.78011484783547e-07
0.54		-0.416339521829993		-0.41634		4.78170006923406e-07
0.541		-0.415648469175521		-0.4156489475		4.78324479080694e-07
0.542		-0.414949301525107		-0.41494978		4.7847489353936e-07
0.543		-0.414242003878757		-0.4142424825		4.7862124286091e-07
0.544		-0.41352656123648		-0.41352704		4.78763519995429e-07
0.545		-0.412802958598283		-0.4128034375		4.78901717060332e-07
0.546		-0.412071180964173		-0.41207166		4.79035826561613e-07
0.547		-0.411331213334159		-0.4113316925		4.79165841116291e-07
0.548		-0.410583040708247		-0.41058352		4.7929175323036e-07
0.549		-0.409826648086445		-0.4098271275		4.79413555354302e-07
0.55		-0.40906202046876		-0.4090625		4.79531239772069e-07
0.551		-0.408289142855201		-0.4082896225		4.79644799100676e-07
0.552		-0.407508000245774		-0.40750848		4.79754226123674e-07
0.553		-0.406718577640487		-0.4067190575		4.79859513125014e-07
0.554		-0.405920860039347		-0.40592134		4.79960652444156e-07
0.555		-0.405114832442363		-0.4051153125		4.8005763686465e-07
0.556		-0.404300479849541		-0.40430096		4.80150458892492e-07
0.557		-0.403477787260889		-0.4034782675		4.80239111033676e-07
0.558		-0.402646739676414		-0.40264722		4.80323585572151e-07
0.559		-0.401807322096125		-0.4018078025		4.80403875013913e-07
0.56		-0.400959519520028		-0.40096		4.80479972142511e-07
0.561		-0.400103316948131		-0.4001037975		4.80551869297408e-07
0.562		-0.399238699380441		-0.39923918		4.80619558651529e-07
0.563		-0.398365651816967		-0.3983661325		4.80683033154961e-07
0.564		-0.397484159257715		-0.39748464		4.80742285202673e-07
0.565		-0.396594206702693		-0.3965946875		4.80797307300662e-07
0.566		-0.395695779151908		-0.39569626		4.80848091621855e-07
0.567		-0.394788861605369		-0.3947893425		4.80894630949802e-07
0.568		-0.393873439063082		-0.39387392		4.80936917957031e-07
0.569		-0.392949496525055		-0.3929499775		4.80974944871981e-07
0.57		-0.392017018991296		-0.3920175		4.81008704089625e-07
0.571		-0.391075991461811		-0.3910764725		4.81038188504535e-07
0.572		-0.390126398936609		-0.39012688		4.81063390567193e-07
0.573		-0.389168226415697		-0.3891687075		4.81084302617063e-07
0.574		-0.388201458899083		-0.38820194		4.81100916993604e-07
0.575		-0.387226081386774		-0.3872265625		4.81113226313834e-07
0.576		-0.386242078878777		-0.38624256		4.8112122325028e-07
0.577		-0.3852494363751		-0.3852499175		4.81124900142404e-07
0.578		-0.384248138875751		-0.38424862		4.81124249551712e-07
0.579		-0.383238171380736		-0.3832386525		4.81119263762153e-07
0.58		-0.382219518890064		-0.38222		4.81109935501767e-07
0.581		-0.381192166403743		-0.3811926475		4.8109625738757e-07
0.582		-0.380156098921778		-0.38015658		4.81078221759024e-07
0.583		-0.379111301444179		-0.3791117825		4.81055820900078e-07
0.584		-0.378057758970952		-0.37805824		4.81029047594284e-07
0.585		-0.376995456502106		-0.3769959375		4.80997894403146e-07
0.586		-0.375924379037646		-0.37592486		4.80962353666126e-07
0.587		-0.374844511577582		-0.3748449925		4.80922417722685e-07
0.588		-0.373755839121921		-0.37375632		4.80878079356373e-07
0.589		-0.372658346670669		-0.3726588275		4.80829330962163e-07
0.59		-0.371552019223835		-0.3715525		4.80776165212582e-07
0.591		-0.370436841781426		-0.3704373225		4.80718574003003e-07
0.592		-0.369312799343449		-0.36931328		4.80656550561065e-07
0.593		-0.368179876909913		-0.3681803575		4.80590087170718e-07
0.594		-0.367038059480824		-0.36703854		4.80519176337957e-07
0.595		-0.36588733205619		-0.3658878125		4.80443810235709e-07
0.596		-0.364727679636018		-0.36472816		4.80363981647525e-07
0.597		-0.363559087220317		-0.3635595675		4.80279683190421e-07
0.598		-0.362381539809093		-0.36238202		4.80190907092837e-07
0.599		-0.361195022402354		-0.3611955025		4.80097645860766e-07
0.6		-0.359999520000108		-0.36		4.79999892222249e-07
0.601		-0.358795017602361		-0.3587954975		4.7989763868328e-07
0.602		-0.357581500209123		-0.35758198		4.79790877527808e-07
0.603		-0.356358952820399		-0.3563594325		4.79679601483873e-07
0.604		-0.355127360436197		-0.35512784		4.79563802724403e-07
0.605		-0.353886708056526		-0.3538871875		4.79443474199481e-07
0.606		-0.352636980681392		-0.35263746		4.79318608082036e-07
0.607		-0.351378163310803		-0.3513786425		4.79189196822549e-07
0.608		-0.350110240944767		-0.35011072		4.79055233315595e-07
0.609		-0.34883319858329		-0.3488336775		4.78916709845123e-07
0.61		-0.347547021226381		-0.3475475		4.78773618861617e-07
0.611		-0.346251693874047		-0.3462521725		4.78625952704537e-07
0.612		-0.344947201526296		-0.34494768		4.78473704046412e-07
0.613		-0.343633529183134		-0.3436340075		4.78316865670791e-07
0.614		-0.34231066184457		-0.34231114		4.78155429750604e-07
0.615		-0.340978584510611		-0.3409790625		4.77989388680822e-07
0.616		-0.339637282181265		-0.33963776		4.77818735133972e-07
0.617		-0.338286739856538		-0.3382872175		4.77643461671562e-07
0.618		-0.336926942536439		-0.33692742		4.77463560688562e-07
0.619		-0.335557875220975		-0.3355583525		4.77279024635457e-07
0.62		-0.334179522910154		-0.33418		4.77089845851708e-07
0.621		-0.332791870603983		-0.3327923475		4.76896017342909e-07
0.622		-0.331394903302469		-0.33139538		4.76697531393011e-07
0.623		-0.32998860600562		-0.3299890825		4.76494380008408e-07
0.624		-0.328572963713444		-0.32857344		4.76286556361227e-07
0.625		-0.327147961425947		-0.3271484375		4.76074052901954e-07
0.626		-0.325713584143138		-0.32571406		4.75856861914536e-07
0.627		-0.324269816865024		-0.3242702925		4.75634975738437e-07
0.628		-0.322816644591613		-0.32281712		4.75408387046183e-07
0.629		-0.321354052322912		-0.3213545275		4.75177088510303e-07
0.63		-0.319882025058928		-0.3198825		4.74941072359236e-07
0.631		-0.318400547799669		-0.3184010225		4.74700331043465e-07
0.632		-0.316909605545142		-0.31691008		4.74454857513074e-07
0.633		-0.315409183295356		-0.3154096575		4.74204643885479e-07
0.634		-0.313899266050317		-0.31389974		4.73949682833208e-07
0.635		-0.312379838810033		-0.3123803125		4.73689966806745e-07
0.636		-0.310850886574512		-0.31085136		4.73425487979018e-07
0.637		-0.309312394343761		-0.3093128675		4.73156239411132e-07
0.638		-0.307764347117787		-0.30776482		4.72882213442549e-07
0.639		-0.306206729896598		-0.3062072025		4.72603402079663e-07
0.64		-0.304639527680202		-0.30464		4.72319798272558e-07
0.641		-0.303062725468605		-0.3030631975		4.7203139463825e-07
0.642		-0.301476308261817		-0.30147678		4.71738183405179e-07
0.643		-0.299880261059843		-0.2998807325		4.71440157190361e-07
0.644		-0.298274568862692		-0.29827504		4.71137308388769e-07
0.645		-0.29665921667037		-0.2966596875		4.70829629728442e-07
0.646		-0.295034189482886		-0.29503466		4.70517113604352e-07
0.647		-0.293399472300248		-0.2933999425		4.70199752300449e-07
0.648		-0.291755050122461		-0.29175552		4.69877538544772e-07
0.649		-0.290100907949535		-0.2901013775		4.69550464843316e-07
0.65		-0.288437030781476		-0.2884375		4.69218523646564e-07
0.651		-0.286763403618293		-0.2867638725		4.68881707349489e-07
0.652		-0.285080011459991		-0.28508048		4.68540008402574e-07
0.653		-0.28338683930658		-0.2833873075		4.68193419755902e-07
0.654		-0.281683872158066		-0.28168434		4.67841933582402e-07
0.655		-0.279971095014458		-0.2799715625		4.67485542388069e-07
0.656		-0.278248492875761		-0.27824896		4.67124238512362e-07
0.657		-0.276516050741985		-0.2765165175		4.66758014905366e-07
0.658		-0.274773753613136		-0.27477422		4.66386863517965e-07
0.659		-0.273021586489223		-0.2730220525		4.6601077724473e-07
0.66		-0.271259534370252		-0.27126		4.656297483141e-07
0.661		-0.26948758225623		-0.2694880475		4.65243769565138e-07
0.662		-0.267705715147167		-0.26770618		4.64852833559348e-07
0.663		-0.265913918043068		-0.2659143825		4.6445693202557e-07
0.664		-0.264112175943942		-0.26411264		4.64056058302464e-07
0.665		-0.262300473849795		-0.2623009375		4.63650204451937e-07
0.666		-0.260478796760637		-0.26047926		4.6323936331305e-07
0.667		-0.258647129676473		-0.2586475925		4.6282352700322e-07
0.668		-0.256805457597312		-0.25680592		4.62402688139463e-07
0.669		-0.254953765523161		-0.2549542275		4.61976839449818e-07
0.67		-0.253092038454027		-0.2530925		4.61545973162725e-07
0.671		-0.251220261389918		-0.2512207225		4.61110081728666e-07
0.672		-0.249338419330842		-0.24933888		4.60669158180993e-07
0.673		-0.247446497276805		-0.2474469575		4.6022319458161e-07
0.674		-0.245544480227816		-0.24554494		4.59772183603047e-07
0.675		-0.243632353183883		-0.2436328125		4.5931611747374e-07
0.676		-0.241710101145011		-0.24171056		4.58854988755197e-07
0.677		-0.23977770911121		-0.2397781675		4.58388790175457e-07
0.678		-0.237835162082486		-0.23783562		4.57917514240513e-07
0.679		-0.235882445058847		-0.2358829025		4.57441152956761e-07
0.68		-0.2339195430403		-0.23392		4.56959699524084e-07
0.681		-0.231946441026854		-0.2319468975		4.56473146004388e-07
0.682		-0.229963124018515		-0.22996358		4.55981484931423e-07
0.683		-0.227969577015291		-0.2279700325		4.5548470894996e-07
0.684		-0.22596578501719		-0.22596624		4.54982810094151e-07
0.685		-0.223951733024218		-0.2239521875		4.54475781647146e-07
0.686		-0.221927406036384		-0.22192786		4.53963615504316e-07
0.687		-0.219892789053695		-0.2198932425		4.5344630433819e-07
0.688		-0.217847867076159		-0.21784832		4.52923840876807e-07
0.689		-0.215792625103783		-0.2157930775		4.52396217265338e-07
0.69		-0.213727048136574		-0.2137275		4.51863426120802e-07
0.691		-0.21165112117454		-0.2116515725		4.51325460282259e-07
0.692		-0.209564829217688		-0.20956528		4.50782311423037e-07
0.693		-0.207468157266027		-0.2074686075		4.50233972937308e-07
0.694		-0.205361090319563		-0.20536154		4.49680436859223e-07
0.695		-0.203243613378304		-0.2032440625		4.49121695528243e-07
0.696		-0.201115711442258		-0.20111616		4.48557742005473e-07
0.697		-0.198977369511431		-0.1989778175		4.47988568519353e-07
0.698		-0.196828572585833		-0.19682902		4.47414167409343e-07
0.699		-0.194669305665469		-0.1946697525		4.46834531458995e-07
0.7		-0.192499553750347		-0.1925		4.46249652535924e-07
0.701		-0.190319301840476		-0.1903197475		4.45659523923281e-07
0.702		-0.188128534935862		-0.18812898		4.45064137905016e-07
0.703		-0.185927238036513		-0.1859276825		4.44463486626301e-07
0.704		-0.183715396142437		-0.18371584		4.43857563675598e-07
0.705		-0.18149299425364		-0.1814934375		4.4324636000459e-07
0.706		-0.179260017370131		-0.17926046		4.42629868924183e-07
0.707		-0.177016450491917		-0.1770168925		4.42008083023637e-07
0.708		-0.174762278619006		-0.17476272		4.41380994115059e-07
0.709		-0.172497486751404		-0.1724979275		4.40748595786911e-07
0.71		-0.17022205988912		-0.1702225		4.4011087976803e-07
0.711		-0.167935983032161		-0.1679364225		4.394678387587e-07
0.712		-0.165639241180535		-0.16563968		4.38819465375939e-07
0.713		-0.163331819334248		-0.1633322575		4.38165751709407e-07
0.714		-0.161013702493309		-0.16101414		4.37506690709188e-07
0.715		-0.158684875657725		-0.1586853125		4.36842274825766e-07
0.716		-0.156345323827504		-0.15634576		4.36172496121046e-07
0.717		-0.153995032002652		-0.1539954675		4.35497347628377e-07
0.718		-0.151633985183178		-0.15163442		4.34816821687223e-07
0.719		-0.14926216836909		-0.1492626025		4.34130910581532e-07
0.72		-0.146879566560393		-0.14688		4.33439607150365e-07
0.721		-0.144486164757097		-0.1444865975		4.32742903289096e-07
0.722		-0.142081947959208		-0.14208238		4.32040792364141e-07
0.723		-0.139666901166734		-0.1396673325		4.3133326640965e-07
0.724		-0.137241009379682		-0.13724144		4.30620317487529e-07
0.725		-0.134804257598061		-0.1348046875		4.29901939102972e-07
0.726		-0.132356630821877		-0.13235706		4.29178123123597e-07
0.727		-0.129898114051138		-0.1298985425		4.28448862138664e-07
0.728		-0.127428692285852		-0.12742912		4.27714148654168e-07
0.729		-0.124948350526025		-0.1249487775		4.26973974926304e-07
0.73		-0.122457073771666		-0.1224575		4.26228333849643e-07
0.731		-0.119954847022782		-0.1199552725		4.25477217819159e-07
0.732		-0.117441655279381		-0.11744208		4.24720618980023e-07
0.733		-0.114917483541469		-0.1149179075		4.23958530559876e-07
0.734		-0.112382316809056		-0.11238274		4.23190944523477e-07
0.735		-0.109836140082147		-0.1098365625		4.22417853571111e-07
0.736		-0.10727893836075		-0.10727936		4.21639249958972e-07
0.737		-0.104710696644874		-0.1047111175		4.20855126179176e-07
0.738		-0.102131399934525		-0.10213182		4.20065475251197e-07
0.739		-0.0995410332297109		-0.0995414525000002		4.19270289320206e-07
0.74		-0.0969395815304395		-0.0969399999999998		4.18469560295454e-07
0.741		-0.0943270298367181		-0.0943274475		4.17663281904179e-07
0.742		-0.0917033631485542		-0.09170378		4.16851445847466e-07
0.743		-0.0890685664659552		-0.0890689825000002		4.1603404493662e-07
0.744		-0.0864226247889288		-0.0864230400000001		4.1521107133069e-07
0.745		-0.0837655231174823		-0.0837659374999999		4.14382517618939e-07
0.746		-0.0810972464516234		-0.08109766		4.13548376598794e-07
0.747		-0.0784177797913594		-0.0784181925		4.12708640651349e-07
0.748		-0.0757271081366979		-0.0757275199999998		4.11863301921778e-07
0.749		-0.0730252164876464		-0.0730256274999999		4.1101235344343e-07
0.75		-0.0703120898442124		-0.0703125		4.10155787569644e-07
0.751		-0.0675877132064034		-0.0675881225000001		4.09293596681515e-07
0.752		-0.064852071574227		-0.0648524800000001		4.08425773146259e-07
0.753		-0.0621051499476905		-0.0621055575		4.07552309539261e-07
0.754		-0.0593469333268015		-0.05934734		4.06673198470597e-07
0.755		-0.0565774067115675		-0.0565778125		4.0578843252953e-07
0.756		-0.053796555101996		-0.0537969599999999		4.04898003861232e-07
0.757		-0.0510043634980945		-0.0510047674999998		4.04001905277007e-07
0.758		-0.0482008168998706		-0.0482012199999999		4.03100129373057e-07
0.759		-0.0453859003073316		-0.0453863025000001		4.02192668516599e-07
0.76		-0.0425595987204851		-0.0425600000000002		4.01279515067909e-07
0.761		-0.0397218971393386		-0.0397222974999998		4.00360661192978e-07
0.762		-0.0368727805638996		-0.0368731799999999		3.99436100362305e-07
0.763		-0.0340122339941756		-0.0340126325000001		3.98505824499018e-07
0.764		-0.0311402424301741		-0.0311406399999998		3.9756982574829e-07
0.765		-0.0282567908719026		-0.0282571874999997		3.96628097146939e-07
0.766		-0.0253618643193686		-0.0253622600000001		3.95680631509743e-07
0.767		-0.0224554477725796		-0.0224558425000001		3.94727420544722e-07
0.768		-0.019537526231543		-0.0195379200000003		3.93768457278287e-07
0.769		-0.0166080846962665		-0.0166084774999999		3.92803733418462e-07
0.77		-0.0136671081667575		-0.0136674999999999		3.9183324244095e-07
0.771		-0.0107145816430235		-0.0107149725		3.90856976496129e-07
0.772		-0.00775049012507195		-0.00775087999999968		3.89874927730904e-07
0.773		-0.00477481861291042		-0.00477520749999982		3.88887089401539e-07
0.774		-0.00178755210654639		-0.00178793999999982		3.87893453432462e-07
0.775		0.00121132439401265		0.00121093750000001		3.86894012636713e-07
0.776		0.00422182588875918		0.00422144000000002		3.85888759160333e-07
0.777		0.00724396737768572		0.00724358250000012		3.84877685596918e-07
0.778		0.0102777638607848		0.0102773800000002		3.83860784537032e-07
0.779		0.0133232303380488		0.0133228475		3.82838048793716e-07
0.78		0.0163803818094704		0.0163800000000003		3.81809470068051e-07
0.781		0.0194492332750419		0.0194488525000001		3.80775041844417e-07
0.782		0.022529799734756		0.0225294199999999		3.79734756042471e-07
0.783		0.025622096188605		0.0256217175		3.78688605029431e-07
0.784		0.0287261376365816		0.0287257599999999		3.77636581623542e-07
0.785		0.0318419390786781		0.0318415625000001		3.76578677969974e-07
0.786		0.0349695155148872		0.0349691400000001		3.75514887109019e-07
0.787		0.0381088819452012		0.0381085075000001		3.74445201178908e-07
0.788		0.0412600533696128		0.0412596800000002		3.73369612546859e-07
0.789		0.0444230447881143		0.0444226725000001		3.72288114253161e-07
0.79		0.0475978712006984		0.0475975000000002		3.7120069822788e-07
0.791		0.0507845476073575		0.0507841775		3.70107357504368e-07
0.792		0.053983089008084		0.0539827199999998		3.69008084220857e-07
0.793		0.0571935104028706		0.0571931425000001		3.67902870529457e-07
0.794		0.0604158267917097		0.0604154600000002		3.66791709456582e-07
0.795		0.0636500531745937		0.0636496875000001		3.6567459360537e-07
0.796		0.0668962045515153		0.0668958400000004		3.64551514905886e-07
0.797		0.0701542959224668		0.0701539325000002		3.63422466606589e-07
0.798		0.0734243422874409		0.0734239800000001		3.62287440852649e-07
0.799		0.07670635864643		0.0767059975000002		3.61146429789239e-07
0.8		0.0800003599994265		0.0800000000000001		3.59999426449709e-07
0.801		0.0833063613464231		0.0833060025000001		3.58846423006987e-07
0.802		0.0866243776874122		0.0866240199999999		3.57687412258501e-07
0.803		0.0899544240223863		0.0899540675000003		3.56522385919211e-07
0.804		0.0932965153513379		0.0932961600000004		3.55351337452681e-07
0.805		0.0966506666742595		0.0966503125000002		3.54174259226125e-07
0.806		0.100016892991144		0.10001654		3.52991143384718e-07
0.807		0.103395209301983		0.1033948575		3.51801982531597e-07
0.808		0.106785630606769		0.10678528		3.50606769256023e-07
0.809		0.110188171905496		0.1101878225		3.4940549570317e-07
0.81		0.113602848198155		0.1136025		3.48198154684343e-07
0.811		0.117029674484739		0.1170293275		3.46984738788803e-07
0.812		0.120468665765241		0.12046832		3.45765240383766e-07
0.813		0.123919837039652		0.1239194925		3.44539651836451e-07
0.814		0.127383203307966		0.12738286		3.43307966194084e-07
0.815		0.130858779570176		0.1308584375		3.42070175379794e-07
0.816		0.134346580826272		0.13434624		3.40826272204886e-07
0.817		0.137846622076249		0.1378462825		3.39576248592488e-07
0.818		0.141358918320098		0.14135858		3.38320097770239e-07
0.819		0.144883484557812		0.1448831475		3.37057811716779e-07
0.82		0.148420335789384		0.14842		3.35789383243412e-07
0.821		0.151969487014805		0.1519691525		3.34514804939401e-07
0.822		0.15553095323407		0.15553062		3.33234069366251e-07
0.823		0.159104749447169		0.1591044175		3.31947168474844e-07
0.824		0.162690890654095		0.16269056		3.30654095298533e-07
0.825		0.166289391854842		0.1662890625		3.29354841954732e-07
0.826		0.169900268049401		0.16989994		3.2804940106046e-07
0.827		0.173523534237766		0.1735232075		3.26737765177221e-07
0.828		0.177159205419927		0.17715888		3.25419926922033e-07
0.829		0.180807296595879		0.1808069725		3.24095878662112e-07
0.83		0.184467822765613		0.1844675		3.22765612958964e-07
0.831		0.188140798929122		0.1881404775		3.21429122235317e-07
0.832		0.191826240086399		0.19182592		3.20086399080433e-07
0.833		0.195524161237436		0.1955238425		3.18737435833771e-07
0.834		0.199234577382225		0.19923426		3.17382225334395e-07
0.835		0.20295750352076		0.2029571875		3.16020759505431e-07
0.836		0.206692954653031		0.20669264		3.14653031574519e-07
0.837		0.210440945779033		0.2104406325		3.13279033464786e-07
0.838		0.214201491898757		0.21420118		3.11898757571205e-07
0.839		0.217974608012197		0.2179742975		3.10512196649571e-07
0.84		0.221760309119344		0.22176		3.09119343566699e-07
0.841		0.22555861022019		0.2255583025		3.07720190273475e-07
0.842		0.22936952631473		0.22936922		3.06314729803248e-07
0.843		0.233193072402954		0.2331927675		3.04902954245678e-07
0.844		0.237029263484856		0.23702896		3.03484856217784e-07
0.845		0.240878114560428		0.2408778125		3.02060428086781e-07
0.846		0.244739640629662		0.24473934		3.00629662247642e-07
0.847		0.248613856692552		0.2486135575		2.99192551928007e-07
0.848		0.252500777749089		0.25250048		2.97749088662425e-07
0.849		0.256400418799266		0.2564001225		2.96299265400979e-07
0.85		0.260312794843075		0.2603125		2.94843075010487e-07
0.851		0.264237920880509		0.2642376275		2.93380509386321e-07
0.852		0.268175811911561		0.26817552		2.91911561534075e-07
0.853		0.272126482936223		0.2721261925		2.90436223626678e-07
0.854		0.276089948954488		0.27608966		2.88954487670523e-07
0.855		0.280066224966347		0.2800659375		2.87466347115295e-07
0.856		0.284055325971794		0.28405504		2.85971794022899e-07
0.857		0.288057266970821		0.2880569825		2.84470821121374e-07
0.858		0.292072062963421		0.29207178		2.82963420916715e-07
0.859		0.296099728949585		0.2960994475		2.81449585526339e-07
0.86		0.300140279929307		0.30014		2.79929307622773e-07
0.861		0.30419373090258		0.3041934525		2.78402579767523e-07
0.862		0.308260096869394		0.30825982		2.76869394577606e-07
0.863		0.312339392829744		0.3123391175		2.75329744336972e-07
0.864		0.316431633783621		0.31643136		2.73783621163037e-07
0.865		0.320536834731018		0.3205365625		2.72231018005886e-07
0.866		0.324655010671928		0.32465474		2.70671928037647e-07
0.867		0.328786176606343		0.3287859075		2.69106342709602e-07
0.868		0.332930347534255		0.33293008		2.67534254860813e-07
0.869		0.337087538455657		0.3370872725		2.65955657108297e-07
0.87		0.341257764370542		0.3412575		2.64370541847025e-07
0.871		0.345441040278901		0.3454407775		2.62778901249927e-07
0.872		0.349637381180729		0.34963712		2.61180728544641e-07
0.873		0.353846802076016		0.3538465425		2.59576015793073e-07
0.874		0.358069317964756		0.35806906		2.5796475566775e-07
0.875		0.362304943846941		0.3623046875		2.56346940508134e-07
0.876		0.366553694722563		0.36655344		2.54722562931242e-07
0.877		0.370815585591615		0.3708153325		2.53091615165513e-07
0.878		0.37509063145409		0.37509038		2.51454089994496e-07
0.879		0.37937884730998		0.3793785975		2.49809979702142e-07
0.88		0.383680248159277		0.38368		2.48159276849957e-07
0.881		0.387994849001974		0.3879946025		2.46501974054958e-07
0.882		0.392322664838064		0.39232242		2.44838063712116e-07
0.883		0.396663710667539		0.3966634675		2.43167538604983e-07
0.884		0.401018001490391		0.40101776		2.41490390850974e-07
0.885		0.405385552306613		0.4053853125		2.39806613122617e-07
0.886		0.409766378116198		0.40976614		2.38116197981419e-07
0.887		0.414160493919138		0.4141602575		2.36419137322752e-07
0.888		0.418567914715425		0.41856768		2.34715424596299e-07
0.889		0.422988655505052		0.4229884225		2.33005051752944e-07
0.89		0.427422731288012		0.4274225		2.31288011631747e-07
0.891		0.431870157064296		0.4318699275		2.29564296405638e-07
0.892		0.436330947833899		0.43633072		2.27833898691632e-07
0.893		0.440805118596811		0.4408048925		2.26096810995724e-07
0.894		0.445292684353026		0.44529246		2.24353025768398e-07
0.895		0.449793660102535		0.4497934375		2.22602535571159e-07
0.896		0.454308060845333		0.45430784		2.20845332632447e-07
0.897		0.45883590158141		0.4588356825		2.19081410013366e-07
0.898		0.46337719731076		0.46337698		2.17310760441958e-07
0.899		0.467931963033376		0.4679317475		2.15533375591548e-07
0.9		0.472500213749248		0.4725		2.13749248301198e-07
0.901		0.477081964458371		0.4770817525		2.1195837091037e-07
0.902		0.481677230160736		0.48167702		2.10160735980569e-07
0.903		0.486286025856336		0.4862858175		2.08356335684723e-07
0.904		0.490908366545164		0.49090816		2.06545163528027e-07
0.905		0.495544267227212		0.4955440625		2.04727211239319e-07
0.906		0.500193742902472		0.50019354		2.02902471602151e-07
0.907		0.504856808570937		0.5048566075		2.01070937011494e-07
0.908		0.5095334792326		0.50953328		1.99232599640276e-07
0.909		0.514223769887453		0.5142235725		1.97387452605113e-07
0.91		0.518927695535488		0.5189275		1.95535487579335e-07
0.911		0.523645271176698		0.5236450775		1.93676698012624e-07
0.912		0.528376511811076		0.52837632		1.9181107568933e-07
0.913		0.533121432438614		0.5331212425		1.89938613281981e-07
0.914		0.537880048059304		0.53787986		1.88059303907195e-07
0.915		0.54265237367314		0.5426521875		1.86173139571366e-07
0.916		0.547438424280113		0.54743824		1.84280112835999e-07
0.917		0.552238214880216		0.5522380325		1.82380216373623e-07
0.918		0.557051760473442		0.55705158		1.80473441746543e-07
0.919		0.561879076059782		0.5618788975		1.78559781960352e-07
0.92		0.566720176639231		0.566720000000001		1.7663923013167e-07
0.921		0.571575077211779		0.571574902500001		1.74711778488934e-07
0.922		0.57644379277742		0.57644362		1.72777419815695e-07
0.923		0.581326338336146		0.5813261675		1.70836145452213e-07
0.924		0.586222728887949		0.58622256		1.68887948959195e-07
0.925		0.591132979432823		0.5911328125		1.6693282256508e-07
0.926		0.596057104970759		0.59605694		1.64970758609329e-07
0.927		0.60099512050175		0.6009949575		1.63001749653446e-07
0.928		0.605947041025788		0.60594688		1.61025788147917e-07
0.929		0.610912881542867		0.610912722500001		1.5904286632118e-07
0.93		0.615892657052978		0.6158925		1.57052977844963e-07
0.931		0.620886382556114		0.6208862275		1.55056113948504e-07
0.932		0.625894073052268		0.62589392		1.53052267415354e-07
0.933		0.630915743541431		0.6309155925		1.51041431029064e-07
0.934		0.635951409023597		0.63595126		1.4902359690705e-07
0.935		0.641001084498758		0.641000937500001		1.46998757832861e-07
0.936		0.646064784966907		0.646064640000001		1.44966906256982e-07
0.937		0.651142525428036		0.651142382500001		1.42928035073986e-07
0.938		0.656234320882137		0.65623418		1.40882136734355e-07
0.939		0.661340186329203		0.6613400475		1.38829202800395e-07
0.94		0.666460136769227		0.66646		1.36769226832811e-07
0.941		0.671594187202201		0.6715940525		1.34702200837999e-07
0.942		0.676742352628117		0.67674222		1.32628117266442e-07
0.943		0.681904648046969		0.6819045175		1.30546968679646e-07
0.944		0.687081088458748		0.687080960000001		1.28458747417071e-07
0.945		0.692271688863447		0.6922715625		1.26363446706357e-07
0.946		0.697476464261059		0.69747634		1.24261058442876e-07
0.947		0.702695429651575		0.7026953075		1.22151574744045e-07
0.948		0.707928600034989		0.70792848		1.2003498917057e-07
0.949		0.713175990411293		0.7131758725		1.17911293062711e-07
0.95		0.71843761578048		0.7184375		1.1578048020322e-07
0.951		0.723713491142542		0.7237133775		1.1364254159929e-07
0.952		0.729003631497471		0.729003520000001		1.11497470811628e-07
0.953		0.734308051845261		0.734307942500001		1.09345260401739e-07
0.954		0.739626767185903		0.739626660000001		1.0718590204295e-07
0.955		0.74495979251939		0.744959687500001		1.05019389295968e-07
0.956		0.750307142845715		0.75030704		1.02845714056166e-07
0.957		0.755668833164869		0.7556687325		1.0066486899607e-07
0.958		0.761044878476846		0.76104478		9.84768463441199e-08
0.959		0.766435293781639		0.7664351975		9.62816385507992e-08
0.96		0.771840094079239		0.77184		9.40792389547696e-08
0.961		0.777259294369639		0.777259202499999		9.18696392293583e-08
0.962		0.782692909652831		0.782692819999999		8.96528318250489e-08
0.963		0.788140954928809		0.788140867499999		8.74288094143694e-08
0.964		0.793603445197564		0.79360336		8.51975638926916e-08
0.965		0.79908039545909		0.7990803125		8.29590897089005e-08
0.966		0.804571820713378		0.80457174		8.0713377648145e-08
0.967		0.810077735960421		0.8100776575		7.84604209380646e-08
0.968		0.815598156200212		0.81559808		7.62002120291427e-08
0.969		0.821133096432742		0.8211330225		7.39327425947067e-08
0.97		0.826682571658006		0.8266825		7.16580063064853e-08
0.971		0.832246596875995		0.8322465275		6.93759946157613e-08
0.972		0.837825187086701		0.83782512		6.7086701083241e-08
0.973		0.843418357290117		0.8434182925		6.47901177153187e-08
0.974		0.849026122486237		0.84902606		6.24862361853218e-08
0.975		0.854648497675051		0.8546484375		6.01750510531573e-08
0.976		0.860285497856553		0.86028544		5.78565527709074e-08
0.977		0.865937138030735		0.8659370825		5.55307354543899e-08
0.978		0.87160343319759		0.871603379999999		5.31975911099991e-08
0.979		0.877284398357111		0.8772843475		5.08571115220846e-08
0.98		0.88298004850929		0.88298		4.85092896962414e-08
0.981		0.888690398654119		0.8886903525		4.61541188601089e-08
0.982		0.894415463791591		0.89441542		4.37915909090592e-08
0.983		0.900155258921699		0.9001552175		4.14216989597094e-08
0.984		0.905909799044434		0.90590976		3.90444341302754e-08
0.985		0.911679099159791		0.9116790625		3.66597907586197e-08
0.986		0.91746317426776		0.91746314		3.42677602960251e-08
0.987		0.923262039368335		0.9232620075		3.18683356370641e-08
0.988		0.929075709461509		0.92907568		2.94615093432427e-08
0.989		0.934904199547274		0.9349041725		2.70472741981109e-08
0.99		0.940747524625623		0.9407475		2.46256227631747e-08
0.991		0.946605699696548		0.9466056775		2.21965482660735e-08
0.992		0.952478739760043		0.95247872		1.97600429352462e-08
0.993		0.958366659816101		0.9583666425		1.73161004424216e-08
0.994		0.964269474864713		0.96426946		1.48647136821722e-08
0.995		0.970187199905876		0.9701871875		1.24058758821377e-08
0.996		0.976119849939582		0.97611984		9.93958160222519e-09
0.997		0.982067439965827		0.9820674325		7.4658268456318e-09
0.998		0.988029984984613		0.98802998		4.98461227849134e-09
0.999		0.994007499995953		0.9940074975		2.49595277779235e-09
1		1		1		0
