# x      Y       Yex     err
0		1		1		0
0.001		1		1		6.66133814775094e-16
0.002		1		1		1.33226762955019e-15
0.003		1		1		1.77635683940025e-15
0.004		1		1		2.22044604925031e-15
0.005		1		1		2.66453525910038e-15
0.006		1		1		2.88657986402541e-15
0.007		1		1		3.10862446895044e-15
0.008		1		1		3.33066907387547e-15
0.009		1		1		3.5527136788005e-15
0.01		1		1		3.77475828372553e-15
0.011		1		1		3.99680288865056e-15
0.012		1		1		4.21884749357559e-15
0.013		1		1		4.44089209850063e-15
0.014		1		1		4.88498130835069e-15
0.015		1.00000000000001		1		5.10702591327572e-15
0.016		1.00000000000001		1		5.32907051820075e-15
0.017		1.00000000000001		1		5.55111512312578e-15
0.018		1.00000000000001		1		5.77315972805081e-15
0.019		1.00000000000001		1		5.99520433297585e-15
0.02		1.00000000000001		1		6.21724893790088e-15
0.021		1.00000000000001		1		6.43929354282591e-15
0.022		1.00000000000001		1		6.66133814775094e-15
0.023		1.00000000000001		1		6.88338275267597e-15
0.024		1.00000000000001		1		6.88338275267597e-15
0.025		1.00000000000001		1		7.105427357601e-15
0.026		1.00000000000001		1		7.32747196252603e-15
0.027		1.00000000000001		1		7.54951656745106e-15
0.028		1.00000000000001		1		7.7715611723761e-15
0.029		1.00000000000001		1		7.99360577730113e-15
0.03		1.00000000000001		1		8.43769498715119e-15
0.031		1.00000000000001		1		8.65973959207622e-15
0.032		1.00000000000001		1		8.88178419700125e-15
0.033		1.00000000000001		1		8.88178419700125e-15
0.034		1.00000000000001		1		8.88178419700125e-15
0.035		1.00000000000001		1		8.88178419700125e-15
0.036		1.00000000000001		1		8.88178419700125e-15
0.037		1.00000000000001		1		8.88178419700125e-15
0.038		1.00000000000001		1		9.10382880192628e-15
0.039		1.00000000000001		1		9.32587340685131e-15
0.04		1.00000000000001		1		9.54791801177635e-15
0.041		1.00000000000001		1		9.76996261670138e-15
0.042		1.00000000000001		1		9.76996261670138e-15
0.043		1.00000000000001		1		9.76996261670138e-15
0.044		1.00000000000001		1		9.76996261670138e-15
0.045		1.00000000000001		1		9.76996261670138e-15
0.046		1.00000000000001		1		9.99200722162641e-15
0.047		1.00000000000001		1		1.02140518265514e-14
0.048		1.00000000000001		1		1.04360964314765e-14
0.049		1.00000000000001		1		1.06581410364015e-14
0.05		1.00000000000001		1		1.06581410364015e-14
0.051		1.00000000000001		1		1.06581410364015e-14
0.052		1.00000000000001		1		1.06581410364015e-14
0.053		1.00000000000001		1		1.08801856413265e-14
0.054		1.00000000000001		1		1.11022302462516e-14
0.055		1.00000000000001		1		1.13242748511766e-14
0.056		1.00000000000001		1		1.15463194561016e-14
0.057		1.00000000000001		1		1.17683640610267e-14
0.058		1.00000000000001		1		1.19904086659517e-14
0.059		1.00000000000001		1		1.22124532708767e-14
0.06		1.00000000000001		1		1.24344978758018e-14
0.061		1.00000000000001		1		1.26565424807268e-14
0.062		1.00000000000001		1		1.28785870856518e-14
0.063		1.00000000000001		1		1.33226762955019e-14
0.064		1.00000000000001		1		1.37667655053519e-14
0.065		1.00000000000001		1		1.4210854715202e-14
0.066		1.00000000000001		1		1.46549439250521e-14
0.067		1.00000000000002		1		1.50990331349021e-14
0.068		1.00000000000002		1		1.55431223447522e-14
0.069		1.00000000000002		1		1.59872115546023e-14
0.07		1.00000000000002		1		1.66533453693773e-14
0.071		1.00000000000002		1		1.70974345792274e-14
0.072		1.00000000000002		1		1.75415237890775e-14
0.073		1.00000000000002		1		1.82076576038526e-14
0.074		1.00000000000002		1		1.88737914186277e-14
0.075		1.00000000000002		1		1.95399252334028e-14
0.076		1.00000000000002		1		2.02060590481778e-14
0.077		1.00000000000002		1		2.08721928629529e-14
0.078		1.00000000000002		1		2.1538326677728e-14
0.079		1.00000000000002		1		2.22044604925031e-14
0.08		1.00000000000002		1		2.30926389122033e-14
0.081		1.00000000000002		1		2.37587727269783e-14
0.082		1.00000000000002		1		2.44249065417534e-14
0.083		1.00000000000003		1		2.50910403565285e-14
0.084		1.00000000000003		1		2.57571741713036e-14
0.085		1.00000000000003		1		2.62012633811537e-14
0.086		1.00000000000003		1		2.66453525910038e-14
0.087		1.00000000000003		1		2.70894418008538e-14
0.088		1.00000000000003		1		2.75335310107039e-14
0.089		1.00000000000003		1		2.8199664825479e-14
0.09		1.00000000000003		1		2.8643754035329e-14
0.091		1.00000000000003		1		2.90878432451791e-14
0.092		1.00000000000003		1		2.95319324550292e-14
0.093		1.00000000000003		1		3.01980662698043e-14
0.094		1.00000000000003		1		3.08642000845794e-14
0.095		1.00000000000003		1		3.13082892944294e-14
0.096		1.00000000000003		1		3.17523785042795e-14
0.097		1.00000000000003		1		3.24185123190546e-14
0.098		1.00000000000003		1		3.30846461338297e-14
0.099		1.00000000000003		1		3.37507799486048e-14
0.1		1.00000000000003		1		3.44169137633799e-14
0.101		1.00000000000004		1		3.530509218308e-14
0.102		1.00000000000004		1		3.61932706027801e-14
0.103		1.00000000000004		1		3.68594044175552e-14
0.104		1.00000000000004		1		3.75255382323303e-14
0.105		1.00000000000004		1		3.81916720471054e-14
0.106		1.00000000000004		1		3.88578058618805e-14
0.107		1.00000000000004		1		3.93018950717305e-14
0.108		1.00000000000004		1		3.99680288865056e-14
0.109		1.00000000000004		1		4.04121180963557e-14
0.11		1.00000000000004		1		4.08562073062058e-14
0.111		1.00000000000004		1		4.13002965160558e-14
0.112		1.00000000000004		1		4.17443857259059e-14
0.113		1.00000000000004		1		4.21884749357559e-14
0.114		1.00000000000004		1		4.2632564145606e-14
0.115		1.00000000000004		1		4.30766533554561e-14
0.116		1.00000000000004		1		4.35207425653061e-14
0.117		1.00000000000004		1		4.39648317751562e-14
0.118		1.00000000000004		1		4.41868763800812e-14
0.119		1.00000000000004		1		4.46309655899313e-14
0.12		1.00000000000005		1		4.50750547997814e-14
0.121		1.00000000000005		1		4.55191440096314e-14
0.122		1.00000000000005		1		4.59632332194815e-14
0.123		1.00000000000005		1		4.64073224293315e-14
0.124		1.00000000000005		1		4.68514116391816e-14
0.125		1.00000000000005		1		4.72955008490317e-14
0.126		1.00000000000005		1		4.77395900588817e-14
0.127		1.00000000000005		1		4.81836792687318e-14
0.128		1.00000000000005		1		4.86277684785819e-14
0.129		1.00000000000005		1		4.90718576884319e-14
0.13		1.00000000000005		1		4.9515946898282e-14
0.131		1.00000000000005		1		4.9960036108132e-14
0.132		1.00000000000005		1		5.04041253179821e-14
0.133		1.00000000000005		1		5.08482145278322e-14
0.134		1.00000000000005		1		5.12923037376822e-14
0.135		1.00000000000005		1		5.17363929475323e-14
0.136		1.00000000000005		1		5.21804821573824e-14
0.137		1.00000000000005		1		5.26245713672324e-14
0.138		1.00000000000005		1		5.30686605770825e-14
0.139		1.00000000000005		1		5.35127497869325e-14
0.14		1.00000000000005		1		5.37347943918576e-14
0.141		1.00000000000005		1		5.41788836017076e-14
0.142		1.00000000000005		1		5.46229728115577e-14
0.143		1.00000000000006		1		5.50670620214078e-14
0.144		1.00000000000006		1		5.55111512312578e-14
0.145		1.00000000000006		1		5.61772850460329e-14
0.146		1.00000000000006		1		5.6621374255883e-14
0.147		1.00000000000006		1		5.7065463465733e-14
0.148		1.00000000000006		1		5.75095526755831e-14
0.149		1.00000000000006		1		5.79536418854332e-14
0.15		1.00000000000006		1		5.83977310952832e-14
0.151		1.00000000000006		1		5.88418203051333e-14
0.152		1.00000000000006		1		5.92859095149834e-14
0.153		1.00000000000006		1		5.97299987248334e-14
0.154		1.00000000000006		1		6.01740879346835e-14
0.155		1.00000000000006		1		6.06181771445335e-14
0.156		1.00000000000006		1		6.08402217494586e-14
0.157		1.00000000000006		1		6.12843109593086e-14
0.158		1.00000000000006		1		6.17284001691587e-14
0.159		1.00000000000006		1		6.19504447740837e-14
0.16		1.00000000000006		1		6.21724893790088e-14
0.161		1.00000000000006		1		6.26165785888588e-14
0.162		1.00000000000006		1		6.30606677987089e-14
0.163		1.00000000000006		1		6.3504757008559e-14
0.164		1.00000000000006		1		6.3948846218409e-14
0.165		1.00000000000006		1		6.43929354282591e-14
0.166		1.00000000000006		1		6.48370246381091e-14
0.167		1.00000000000007		1		6.52811138479592e-14
0.168		1.00000000000007		1		6.57252030578093e-14
0.169		1.00000000000007		1		6.61692922676593e-14
0.17		1.00000000000007		1		6.63913368725844e-14
0.171		1.00000000000007		1		6.66133814775094e-14
0.172		1.00000000000007		1		6.70574706873595e-14
0.173		1.00000000000007		1		6.75015598972095e-14
0.174		1.00000000000007		1		6.79456491070596e-14
0.175		1.00000000000007		1		6.83897383169096e-14
0.176		1.00000000000007		1		6.88338275267597e-14
0.177		1.00000000000007		1		6.90558721316847e-14
0.178		1.00000000000007		1		6.92779167366098e-14
0.179		1.00000000000007		1		6.94999613415348e-14
0.18		1.00000000000007		1		6.97220059464598e-14
0.181		1.00000000000007		1		6.99440505513849e-14
0.182		1.00000000000007		1		7.01660951563099e-14
0.183		1.00000000000007		1		7.03881397612349e-14
0.184		1.00000000000007		1		7.03881397612349e-14
0.185		1.00000000000007		1		7.03881397612349e-14
0.186		1.00000000000007		1		7.03881397612349e-14
0.187		1.00000000000007		1		7.061018436616e-14
0.188		1.00000000000007		1		7.0832228971085e-14
0.189		1.00000000000007		1		7.105427357601e-14
0.19		1.00000000000007		1		7.1276318180935e-14
0.191		1.00000000000007		1		7.14983627858601e-14
0.192		1.00000000000007		1		7.17204073907851e-14
0.193		1.00000000000007		1		7.19424519957101e-14
0.194		1.00000000000007		1		7.21644966006352e-14
0.195		1.00000000000007		1		7.26085858104852e-14
0.196		1.00000000000007		1		7.30526750203353e-14
0.197		1.00000000000007		1		7.34967642301854e-14
0.198		1.00000000000007		1		7.39408534400354e-14
0.199		1.00000000000007		1		7.43849426498855e-14
0.2		1.00000000000007		1		7.48290318597356e-14
0.201		1.00000000000008		1		7.52731210695856e-14
0.202		1.00000000000008		1		7.57172102794357e-14
0.203		1.00000000000008		1		7.61612994892857e-14
0.204		1.00000000000008		1		7.66053886991358e-14
0.205		1.00000000000008		1		7.70494779089859e-14
0.206		1.00000000000008		1		7.74935671188359e-14
0.207		1.00000000000008		1		7.7937656328686e-14
0.208		1.00000000000008		1		7.83817455385361e-14
0.209		1.00000000000008		1		7.88258347483861e-14
0.21		1.00000000000008		1		7.92699239582362e-14
0.211		1.00000000000008		1		7.99360577730113e-14
0.212		1.00000000000008		1		8.03801469828613e-14
0.213		1.00000000000008		1		8.08242361927114e-14
0.214		1.00000000000008		1		8.12683254025615e-14
0.215		1.00000000000008		1		8.17124146124115e-14
0.216		1.00000000000008		1		8.23785484271866e-14
0.217		1.00000000000008		1		8.28226376370367e-14
0.218		1.00000000000008		1		8.32667268468867e-14
0.219		1.00000000000008		1		8.37108160567368e-14
0.22		1.00000000000008		1		8.41549052665869e-14
0.221		1.00000000000008		1		8.45989944764369e-14
0.222		1.00000000000009		1		8.5043083686287e-14
0.223		1.00000000000009		1		8.54871728961371e-14
0.224		1.00000000000009		1		8.59312621059871e-14
0.225		1.00000000000009		1		8.65973959207622e-14
0.226		1.00000000000009		1		8.70414851306123e-14
0.227		1.00000000000009		1		8.74855743404623e-14
0.228		1.00000000000009		1		8.79296635503124e-14
0.229		1.00000000000009		1		8.83737527601625e-14
0.23		1.00000000000009		1		8.88178419700125e-14
0.231		1.00000000000009		1		8.92619311798626e-14
0.232		1.00000000000009		1		8.99280649946377e-14
0.233		1.00000000000009		1		9.05941988094128e-14
0.234		1.00000000000009		1		9.12603326241879e-14
0.235		1.00000000000009		1		9.1926466438963e-14
0.236		1.00000000000009		1		9.25926002537381e-14
0.237		1.00000000000009		1		9.32587340685131e-14
0.238		1.00000000000009		1		9.39248678832882e-14
0.239		1.00000000000009		1		9.48130463029884e-14
0.24		1.0000000000001		1		9.57012247226885e-14
0.241		1.0000000000001		1		9.65894031423886e-14
0.242		1.0000000000001		1		9.74775815620887e-14
0.243		1.0000000000001		1		9.83657599817889e-14
0.244		1.0000000000001		1		9.9253938401489e-14
0.245		1.0000000000001		1		1.00142116821189e-13
0.246		1.0000000000001		1		1.01030295240889e-13
0.247		1.0000000000001		1		1.01918473660589e-13
0.248		1.0000000000001		1		1.02806652080289e-13
0.249		1.0000000000001		1		1.0369483049999e-13
0.25		1.0000000000001		1		1.0458300891969e-13
0.251		1.00000000000011		1		1.05249142734465e-13
0.252		1.00000000000011		1		1.06137321154165e-13
0.253		1.00000000000011		1		1.07025499573865e-13
0.254		1.00000000000011		1		1.0769163338864e-13
0.255		1.00000000000011		1		1.0857981180834e-13
0.256		1.00000000000011		1		1.0946799022804e-13
0.257		1.00000000000011		1		1.10134124042816e-13
0.258		1.00000000000011		1		1.11022302462516e-13
0.259		1.00000000000011		1		1.11910480882216e-13
0.26		1.00000000000011		1		1.12576614696991e-13
0.261		1.00000000000011		1		1.13242748511766e-13
0.262		1.00000000000011		1		1.13908882326541e-13
0.263		1.00000000000011		1		1.14575016141316e-13
0.264		1.00000000000012		1		1.15019105351166e-13
0.265		1.00000000000012		1		1.15463194561016e-13
0.266		1.00000000000012		1		1.16129328375791e-13
0.267		1.00000000000012		1		1.17017506795491e-13
0.268		1.00000000000012		1		1.17683640610267e-13
0.269		1.00000000000012		1		1.18571819029967e-13
0.27		1.00000000000012		1		1.19459997449667e-13
0.271		1.00000000000012		1		1.20126131264442e-13
0.272		1.00000000000012		1		1.20792265079217e-13
0.273		1.00000000000012		1		1.21458398893992e-13
0.274		1.00000000000012		1		1.22124532708767e-13
0.275		1.00000000000012		1		1.23012711128467e-13
0.276		1.00000000000012		1		1.23678844943242e-13
0.277		1.00000000000012		1		1.24344978758018e-13
0.278		1.00000000000012		1		1.24789067967868e-13
0.279		1.00000000000013		1		1.25455201782643e-13
0.28		1.00000000000013		1		1.26121335597418e-13
0.281		1.00000000000013		1		1.26787469412193e-13
0.282		1.00000000000013		1		1.27231558622043e-13
0.283		1.00000000000013		1		1.27675647831893e-13
0.284		1.00000000000013		1		1.28119737041743e-13
0.285		1.00000000000013		1		1.28563826251593e-13
0.286		1.00000000000013		1		1.29007915461443e-13
0.287		1.00000000000013		1		1.29229960066368e-13
0.288		1.00000000000013		1		1.29452004671293e-13
0.289		1.00000000000013		1		1.29674049276218e-13
0.29		1.00000000000013		1		1.29896093881143e-13
0.291		1.00000000000013		1		1.30118138486068e-13
0.292		1.00000000000013		1		1.30340183090993e-13
0.293		1.00000000000013		1		1.30784272300843e-13
0.294		1.00000000000013		1		1.31228361510694e-13
0.295		1.00000000000013		1		1.31450406115619e-13
0.296		1.00000000000013		1		1.31672450720544e-13
0.297		1.00000000000013		1		1.31894495325469e-13
0.298		1.00000000000013		1		1.32116539930394e-13
0.299		1.00000000000013		1		1.32338584535319e-13
0.3		1.00000000000013		1		1.32560629140244e-13
0.301		1.00000000000013		1		1.32782673745169e-13
0.302		1.00000000000013		1		1.33004718350094e-13
0.303		1.00000000000013		1		1.33226762955019e-13
0.304		1.00000000000013		1		1.33448807559944e-13
0.305		1.00000000000013		1		1.33670852164869e-13
0.306		1.00000000000013		1		1.33892896769794e-13
0.307		1.00000000000013		1		1.34114941374719e-13
0.308		1.00000000000013		1		1.34336985979644e-13
0.309		1.00000000000013		1		1.34336985979644e-13
0.31		1.00000000000013		1		1.34336985979644e-13
0.311		1.00000000000013		1		1.34559030584569e-13
0.312		1.00000000000013		1		1.34781075189494e-13
0.313		1.00000000000014		1		1.35003119794419e-13
0.314		1.00000000000014		1		1.35003119794419e-13
0.315		1.00000000000014		1		1.35003119794419e-13
0.316		1.00000000000014		1		1.35003119794419e-13
0.317		1.00000000000014		1		1.35003119794419e-13
0.318		1.00000000000014		1		1.35003119794419e-13
0.319		1.00000000000014		1		1.35003119794419e-13
0.32		1.00000000000014		1		1.35003119794419e-13
0.321		1.00000000000013		1		1.34781075189494e-13
0.322		1.00000000000013		1		1.34336985979644e-13
0.323		1.00000000000013		1		1.34114941374719e-13
0.324		1.00000000000013		1		1.33892896769794e-13
0.325		1.00000000000013		1		1.33448807559944e-13
0.326		1.00000000000013		1		1.33226762955019e-13
0.327		1.00000000000013		1		1.33004718350094e-13
0.328		1.00000000000013		1		1.32782673745169e-13
0.329		1.00000000000013		1		1.32560629140244e-13
0.33		1.00000000000013		1		1.32338584535319e-13
0.331		1.00000000000013		1		1.32116539930394e-13
0.332		1.00000000000013		1		1.32116539930394e-13
0.333		1.00000000000013		1		1.31894495325469e-13
0.334		1.00000000000013		1		1.31672450720544e-13
0.335		1.00000000000013		1		1.31450406115619e-13
0.336		1.00000000000013		1		1.31228361510694e-13
0.337		1.00000000000013		1		1.31006316905768e-13
0.338		1.00000000000013		1		1.30784272300843e-13
0.339		1.00000000000013		1		1.30562227695918e-13
0.34		1.00000000000013		1		1.30340183090993e-13
0.341		1.00000000000013		1		1.30118138486068e-13
0.342		1.00000000000013		1		1.29896093881143e-13
0.343		1.00000000000013		1		1.29452004671293e-13
0.344		1.00000000000013		1		1.29007915461443e-13
0.345		1.00000000000013		1		1.28785870856518e-13
0.346		1.00000000000013		1		1.28341781646668e-13
0.347		1.00000000000013		1		1.27897692436818e-13
0.348		1.00000000000013		1		1.27453603226968e-13
0.349		1.00000000000013		1		1.27009514017118e-13
0.35		1.00000000000013		1		1.26565424807268e-13
0.351		1.00000000000013		1		1.26121335597418e-13
0.352		1.00000000000013		1		1.25899290992493e-13
0.353		1.00000000000013		1		1.25677246387568e-13
0.354		1.00000000000013		1		1.25455201782643e-13
0.355		1.00000000000013		1		1.25233157177718e-13
0.356		1.00000000000013		1		1.25233157177718e-13
0.357		1.00000000000013		1		1.25233157177718e-13
0.358		1.00000000000013		1		1.25233157177718e-13
0.359		1.00000000000013		1		1.25011112572793e-13
0.36		1.00000000000012		1		1.24789067967868e-13
0.361		1.00000000000012		1		1.24567023362943e-13
0.362		1.00000000000012		1		1.24344978758018e-13
0.363		1.00000000000012		1		1.24122934153093e-13
0.364		1.00000000000012		1		1.23900889548167e-13
0.365		1.00000000000012		1		1.23678844943242e-13
0.366		1.00000000000012		1		1.23456800338317e-13
0.367		1.00000000000012		1		1.23234755733392e-13
0.368		1.00000000000012		1		1.23012711128467e-13
0.369		1.00000000000012		1		1.22568621918617e-13
0.37		1.00000000000012		1		1.22124532708767e-13
0.371		1.00000000000012		1		1.21680443498917e-13
0.372		1.00000000000012		1		1.21236354289067e-13
0.373		1.00000000000012		1		1.21014309684142e-13
0.374		1.00000000000012		1		1.20792265079217e-13
0.375		1.00000000000012		1		1.20570220474292e-13
0.376		1.00000000000012		1		1.20348175869367e-13
0.377		1.00000000000012		1		1.19904086659517e-13
0.378		1.00000000000012		1		1.19459997449667e-13
0.379		1.00000000000012		1		1.19015908239817e-13
0.38		1.00000000000012		1		1.18571819029967e-13
0.381		1.00000000000012		1		1.18127729820117e-13
0.382		1.00000000000012		1		1.17683640610267e-13
0.383		1.00000000000012		1		1.17239551400417e-13
0.384		1.00000000000012		1		1.16795462190566e-13
0.385		1.00000000000012		1		1.16351372980716e-13
0.386		1.00000000000012		1		1.15907283770866e-13
0.387		1.00000000000012		1		1.15685239165941e-13
0.388		1.00000000000012		1		1.15463194561016e-13
0.389		1.00000000000012		1		1.15019105351166e-13
0.39		1.00000000000011		1		1.14575016141316e-13
0.391		1.00000000000011		1		1.13908882326541e-13
0.392		1.00000000000011		1		1.13242748511766e-13
0.393		1.00000000000011		1		1.12576614696991e-13
0.394		1.00000000000011		1		1.11910480882216e-13
0.395		1.00000000000011		1		1.11244347067441e-13
0.396		1.00000000000011		1		1.10578213252666e-13
0.397		1.00000000000011		1		1.10134124042816e-13
0.398		1.00000000000011		1		1.0946799022804e-13
0.399		1.00000000000011		1		1.0902390101819e-13
0.4		1.00000000000011		1		1.0857981180834e-13
0.401		1.00000000000011		1		1.07913677993565e-13
0.402		1.00000000000011		1		1.07469588783715e-13
0.403		1.00000000000011		1		1.07025499573865e-13
0.404		1.00000000000011		1		1.06581410364015e-13
0.405		1.00000000000011		1		1.06137321154165e-13
0.406		1.00000000000011		1		1.05693231944315e-13
0.407		1.00000000000011		1		1.05249142734465e-13
0.408		1.0000000000001		1		1.04805053524615e-13
0.409		1.0000000000001		1		1.04360964314765e-13
0.41		1.0000000000001		1		1.03916875104915e-13
0.411		1.0000000000001		1		1.03472785895065e-13
0.412		1.0000000000001		1		1.0325074129014e-13
0.413		1.0000000000001		1		1.02806652080289e-13
0.414		1.0000000000001		1		1.02584607475364e-13
0.415		1.0000000000001		1		1.02362562870439e-13
0.416		1.0000000000001		1		1.02140518265514e-13
0.417		1.0000000000001		1		1.01918473660589e-13
0.418		1.0000000000001		1		1.01696429055664e-13
0.419		1.0000000000001		1		1.01474384450739e-13
0.42		1.0000000000001		1		1.01252339845814e-13
0.421		1.0000000000001		1		1.01030295240889e-13
0.422		1.0000000000001		1		1.00808250635964e-13
0.423		1.0000000000001		1		1.00364161426114e-13
0.424		1.0000000000001		1		9.99200722162641e-14
0.425		1.0000000000001		1		9.9475983006414e-14
0.426		1.0000000000001		1		9.9253938401489e-14
0.427		1.0000000000001		1		9.9031893796564e-14
0.428		1.0000000000001		1		9.85878045867139e-14
0.429		1.0000000000001		1		9.81437153768638e-14
0.43		1.0000000000001		1		9.76996261670138e-14
0.431		1.0000000000001		1		9.72555369571637e-14
0.432		1.0000000000001		1		9.68114477473137e-14
0.433		1.0000000000001		1		9.65894031423886e-14
0.434		1.0000000000001		1		9.61453139325386e-14
0.435		1.0000000000001		1		9.57012247226885e-14
0.436		1.0000000000001		1		9.52571355128384e-14
0.437		1.00000000000009		1		9.48130463029884e-14
0.438		1.00000000000009		1		9.45910016980633e-14
0.439		1.00000000000009		1		9.43689570931383e-14
0.44		1.00000000000009		1		9.41469124882133e-14
0.441		1.00000000000009		1		9.39248678832882e-14
0.442		1.00000000000009		1		9.37028232783632e-14
0.443		1.00000000000009		1		9.32587340685131e-14
0.444		1.00000000000009		1		9.28146448586631e-14
0.445		1.00000000000009		1		9.2370555648813e-14
0.446		1.00000000000009		1		9.2148511043888e-14
0.447		1.00000000000009		1		9.1926466438963e-14
0.448		1.00000000000009		1		9.14823772291129e-14
0.449		1.00000000000009		1		9.10382880192628e-14
0.45		1.00000000000009		1		9.05941988094128e-14
0.451		1.00000000000009		1		9.01501095995627e-14
0.452		1.00000000000009		1		8.97060203897126e-14
0.453		1.00000000000009		1		8.94839757847876e-14
0.454		1.00000000000009		1		8.92619311798626e-14
0.455		1.00000000000009		1		8.90398865749376e-14
0.456		1.00000000000009		1		8.85957973650875e-14
0.457		1.00000000000009		1		8.83737527601625e-14
0.458		1.00000000000009		1		8.79296635503124e-14
0.459		1.00000000000009		1		8.77076189453874e-14
0.46		1.00000000000009		1		8.74855743404623e-14
0.461		1.00000000000009		1		8.72635297355373e-14
0.462		1.00000000000009		1		8.70414851306123e-14
0.463		1.00000000000009		1		8.68194405256872e-14
0.464		1.00000000000009		1		8.65973959207622e-14
0.465		1.00000000000009		1		8.61533067109121e-14
0.466		1.00000000000009		1		8.57092175010621e-14
0.467		1.00000000000009		1		8.54871728961371e-14
0.468		1.00000000000009		1		8.5265128291212e-14
0.469		1.00000000000009		1		8.5043083686287e-14
0.47		1.00000000000008		1		8.4821039081362e-14
0.471		1.00000000000008		1		8.45989944764369e-14
0.472		1.00000000000008		1		8.43769498715119e-14
0.473		1.00000000000008		1		8.41549052665869e-14
0.474		1.00000000000008		1		8.41549052665869e-14
0.475		1.00000000000008		1		8.41549052665869e-14
0.476		1.00000000000008		1		8.41549052665869e-14
0.477		1.00000000000008		1		8.41549052665869e-14
0.478		1.00000000000008		1		8.41549052665869e-14
0.479		1.00000000000008		1		8.41549052665869e-14
0.48		1.00000000000008		1		8.41549052665869e-14
0.481		1.00000000000008		1		8.41549052665869e-14
0.482		1.00000000000008		1		8.41549052665869e-14
0.483		1.00000000000008		1		8.41549052665869e-14
0.484		1.00000000000008		1		8.41549052665869e-14
0.485		1.00000000000008		1		8.41549052665869e-14
0.486		1.00000000000008		1		8.41549052665869e-14
0.487		1.00000000000008		1		8.41549052665869e-14
0.488		1.00000000000008		1		8.41549052665869e-14
0.489		1.00000000000008		1		8.41549052665869e-14
0.49		1.00000000000008		1		8.41549052665869e-14
0.491		1.00000000000008		1		8.41549052665869e-14
0.492		1.00000000000008		1		8.41549052665869e-14
0.493		1.00000000000008		1		8.41549052665869e-14
0.494		1.00000000000008		1		8.41549052665869e-14
0.495		1.00000000000008		1		8.39328606616618e-14
0.496		1.00000000000008		1		8.37108160567368e-14
0.497		1.00000000000008		1		8.34887714518118e-14
0.498		1.00000000000008		1		8.32667268468867e-14
0.499		1.00000000000008		1		8.30446822419617e-14
0.5		1.00000000000008		1		8.28226376370367e-14
0.501		1.00000000000008		1		8.26005930321116e-14
0.502		1.00000000000008		1		8.23785484271866e-14
0.503		1.00000000000008		1		8.21565038222616e-14
0.504		1.00000000000008		1		8.19344592173366e-14
0.505		1.00000000000008		1		8.17124146124115e-14
0.506		1.00000000000008		1		8.14903700074865e-14
0.507		1.00000000000008		1		8.12683254025615e-14
0.508		1.00000000000008		1		8.10462807976364e-14
0.509		1.00000000000008		1		8.08242361927114e-14
0.51		1.00000000000008		1		8.06021915877864e-14
0.511		1.00000000000008		1		8.03801469828613e-14
0.512		1.00000000000008		1		8.01581023779363e-14
0.513		1.00000000000008		1		8.01581023779363e-14
0.514		1.00000000000008		1		8.01581023779363e-14
0.515		1.00000000000008		1		8.01581023779363e-14
0.516		1.00000000000008		1		7.99360577730113e-14
0.517		1.00000000000008		1		7.99360577730113e-14
0.518		1.00000000000008		1		7.99360577730113e-14
0.519		1.00000000000008		1		7.99360577730113e-14
0.52		1.00000000000008		1		7.99360577730113e-14
0.521		1.00000000000008		1		7.97140131680862e-14
0.522		1.00000000000008		1		7.94919685631612e-14
0.523		1.00000000000008		1		7.92699239582362e-14
0.524		1.00000000000008		1		7.92699239582362e-14
0.525		1.00000000000008		1		7.92699239582362e-14
0.526		1.00000000000008		1		7.92699239582362e-14
0.527		1.00000000000008		1		7.92699239582362e-14
0.528		1.00000000000008		1		7.90478793533111e-14
0.529		1.00000000000008		1		7.88258347483861e-14
0.53		1.00000000000008		1		7.88258347483861e-14
0.531		1.00000000000008		1		7.86037901434611e-14
0.532		1.00000000000008		1		7.83817455385361e-14
0.533		1.00000000000008		1		7.8159700933611e-14
0.534		1.00000000000008		1		7.7937656328686e-14
0.535		1.00000000000008		1		7.7937656328686e-14
0.536		1.00000000000008		1		7.7715611723761e-14
0.537		1.00000000000008		1		7.74935671188359e-14
0.538		1.00000000000008		1		7.72715225139109e-14
0.539		1.00000000000008		1		7.70494779089859e-14
0.54		1.00000000000008		1		7.66053886991358e-14
0.541		1.00000000000008		1		7.63833440942108e-14
0.542		1.00000000000008		1		7.61612994892857e-14
0.543		1.00000000000008		1		7.59392548843607e-14
0.544		1.00000000000008		1		7.57172102794357e-14
0.545		1.00000000000008		1		7.54951656745106e-14
0.546		1.00000000000008		1		7.52731210695856e-14
0.547		1.00000000000007		1		7.48290318597356e-14
0.548		1.00000000000007		1		7.43849426498855e-14
0.549		1.00000000000007		1		7.39408534400354e-14
0.55		1.00000000000007		1		7.34967642301854e-14
0.551		1.00000000000007		1		7.30526750203353e-14
0.552		1.00000000000007		1		7.23865412055602e-14
0.553		1.00000000000007		1		7.19424519957101e-14
0.554		1.00000000000007		1		7.14983627858601e-14
0.555		1.00000000000007		1		7.105427357601e-14
0.556		1.00000000000007		1		7.061018436616e-14
0.557		1.00000000000007		1		7.01660951563099e-14
0.558		1.00000000000007		1		6.94999613415348e-14
0.559		1.00000000000007		1		6.88338275267597e-14
0.56		1.00000000000007		1		6.83897383169096e-14
0.561		1.00000000000007		1		6.79456491070596e-14
0.562		1.00000000000007		1		6.75015598972095e-14
0.563		1.00000000000007		1		6.70574706873595e-14
0.564		1.00000000000007		1		6.63913368725844e-14
0.565		1.00000000000007		1		6.59472476627343e-14
0.566		1.00000000000007		1		6.55031584528842e-14
0.567		1.00000000000007		1		6.50590692430342e-14
0.568		1.00000000000006		1		6.46149800331841e-14
0.569		1.00000000000006		1		6.4170890823334e-14
0.57		1.00000000000006		1		6.3726801613484e-14
0.571		1.00000000000006		1		6.32827124036339e-14
0.572		1.00000000000006		1		6.28386231937839e-14
0.573		1.00000000000006		1		6.23945339839338e-14
0.574		1.00000000000006		1		6.19504447740837e-14
0.575		1.00000000000006		1		6.15063555642337e-14
0.576		1.00000000000006		1		6.12843109593086e-14
0.577		1.00000000000006		1		6.10622663543836e-14
0.578		1.00000000000006		1		6.08402217494586e-14
0.579		1.00000000000006		1		6.06181771445335e-14
0.58		1.00000000000006		1		6.03961325396085e-14
0.581		1.00000000000006		1		6.01740879346835e-14
0.582		1.00000000000006		1		5.97299987248334e-14
0.583		1.00000000000006		1		5.95079541199084e-14
0.584		1.00000000000006		1		5.90638649100583e-14
0.585		1.00000000000006		1		5.88418203051333e-14
0.586		1.00000000000006		1		5.86197757002083e-14
0.587		1.00000000000006		1		5.83977310952832e-14
0.588		1.00000000000006		1		5.81756864903582e-14
0.589		1.00000000000006		1		5.79536418854332e-14
0.59		1.00000000000006		1		5.77315972805081e-14
0.591		1.00000000000006		1		5.75095526755831e-14
0.592		1.00000000000006		1		5.7065463465733e-14
0.593		1.00000000000006		1		5.6621374255883e-14
0.594		1.00000000000006		1		5.61772850460329e-14
0.595		1.00000000000006		1		5.57331958361829e-14
0.596		1.00000000000006		1		5.55111512312578e-14
0.597		1.00000000000006		1		5.50670620214078e-14
0.598		1.00000000000005		1		5.46229728115577e-14
0.599		1.00000000000005		1		5.41788836017076e-14
0.6		1.00000000000005		1		5.37347943918576e-14
0.601		1.00000000000005		1		5.32907051820075e-14
0.602		1.00000000000005		1		5.28466159721575e-14
0.603		1.00000000000005		1		5.24025267623074e-14
0.604		1.00000000000005		1		5.19584375524573e-14
0.605		1.00000000000005		1		5.15143483426073e-14
0.606		1.00000000000005		1		5.12923037376822e-14
0.607		1.00000000000005		1		5.10702591327572e-14
0.608		1.00000000000005		1		5.10702591327572e-14
0.609		1.00000000000005		1		5.08482145278322e-14
0.61		1.00000000000005		1		5.08482145278322e-14
0.611		1.00000000000005		1		5.08482145278322e-14
0.612		1.00000000000005		1		5.06261699229071e-14
0.613		1.00000000000005		1		5.04041253179821e-14
0.614		1.00000000000005		1		5.01820807130571e-14
0.615		1.00000000000005		1		4.9960036108132e-14
0.616		1.00000000000005		1		4.9737991503207e-14
0.617		1.00000000000005		1		4.9515946898282e-14
0.618		1.00000000000005		1		4.9293902293357e-14
0.619		1.00000000000005		1		4.90718576884319e-14
0.62		1.00000000000005		1		4.88498130835069e-14
0.621		1.00000000000005		1		4.86277684785819e-14
0.622		1.00000000000005		1		4.84057238736568e-14
0.623		1.00000000000005		1		4.81836792687318e-14
0.624		1.00000000000005		1		4.77395900588817e-14
0.625		1.00000000000005		1		4.72955008490317e-14
0.626		1.00000000000005		1		4.68514116391816e-14
0.627		1.00000000000005		1		4.64073224293315e-14
0.628		1.00000000000005		1		4.61852778244065e-14
0.629		1.00000000000005		1		4.57411886145564e-14
0.63		1.00000000000005		1		4.52970994047064e-14
0.631		1.00000000000004		1		4.46309655899313e-14
0.632		1.00000000000004		1		4.39648317751562e-14
0.633		1.00000000000004		1		4.35207425653061e-14
0.634		1.00000000000004		1		4.2854608750531e-14
0.635		1.00000000000004		1		4.21884749357559e-14
0.636		1.00000000000004		1		4.15223411209809e-14
0.637		1.00000000000004		1		4.08562073062058e-14
0.638		1.00000000000004		1		4.01900734914307e-14
0.639		1.00000000000004		1		3.93018950717305e-14
0.64		1.00000000000004		1		3.84137166520304e-14
0.641		1.00000000000004		1		3.77475828372553e-14
0.642		1.00000000000004		1		3.70814490224802e-14
0.643		1.00000000000004		1		3.61932706027801e-14
0.644		1.00000000000004		1		3.5527136788005e-14
0.645		1.00000000000003		1		3.48610029732299e-14
0.646		1.00000000000003		1		3.41948691584548e-14
0.647		1.00000000000003		1		3.35287353436797e-14
0.648		1.00000000000003		1		3.28626015289046e-14
0.649		1.00000000000003		1		3.21964677141295e-14
0.65		1.00000000000003		1		3.13082892944294e-14
0.651		1.00000000000003		1		3.06421554796543e-14
0.652		1.00000000000003		1		2.97539770599542e-14
0.653		1.00000000000003		1		2.88657986402541e-14
0.654		1.00000000000003		1		2.79776202205539e-14
0.655		1.00000000000003		1		2.68673971959288e-14
0.656		1.00000000000003		1		2.59792187762287e-14
0.657		1.00000000000003		1		2.50910403565285e-14
0.658		1.00000000000002		1		2.42028619368284e-14
0.659		1.00000000000002		1		2.33146835171283e-14
0.66		1.00000000000002		1		2.22044604925031e-14
0.661		1.00000000000002		1		2.1316282072803e-14
0.662		1.00000000000002		1		2.04281036531029e-14
0.663		1.00000000000002		1		1.95399252334028e-14
0.664		1.00000000000002		1		1.86517468137026e-14
0.665		1.00000000000002		1		1.75415237890775e-14
0.666		1.00000000000002		1		1.66533453693773e-14
0.667		1.00000000000002		1		1.57651669496772e-14
0.668		1.00000000000001		1		1.48769885299771e-14
0.669		1.00000000000001		1		1.37667655053519e-14
0.67		1.00000000000001		1		1.28785870856518e-14
0.671		1.00000000000001		1		1.19904086659517e-14
0.672		1.00000000000001		1		1.11022302462516e-14
0.673		1.00000000000001		1		1.02140518265514e-14
0.674		1.00000000000001		1		9.32587340685131e-15
0.675		1.00000000000001		1		8.65973959207622e-15
0.676		1.00000000000001		1		7.7715611723761e-15
0.677		1.00000000000001		1		6.88338275267597e-15
0.678		1.00000000000001		1		6.21724893790088e-15
0.679		1.00000000000001		1		5.55111512312578e-15
0.68		1		1		4.66293670342566e-15
0.681		1		1		3.99680288865056e-15
0.682		1		1		3.10862446895044e-15
0.683		1		1		2.22044604925031e-15
0.684		1		1		1.77635683940025e-15
0.685		1		1		1.11022302462516e-15
0.686		1		1		2.22044604925031e-16
0.687		0.999999999999999		1		6.66133814775094e-16
0.688		0.999999999999998		1		1.55431223447522e-15
0.689		0.999999999999998		1		2.33146835171283e-15
0.69		0.999999999999997		1		3.10862446895044e-15
0.691		0.999999999999996		1		3.99680288865056e-15
0.692		0.999999999999995		1		4.77395900588817e-15
0.693		0.999999999999994		1		5.55111512312578e-15
0.694		0.999999999999994		1		6.43929354282591e-15
0.695		0.999999999999993		1		7.21644966006352e-15
0.696		0.999999999999992		1		7.99360577730113e-15
0.697		0.999999999999991		1		8.77076189453874e-15
0.698		0.999999999999991		1		9.43689570931383e-15
0.699		0.99999999999999		1		1.01030295240889e-14
0.7		0.999999999999989		1		1.08801856413265e-14
0.701		0.999999999999988		1		1.15463194561016e-14
0.702		0.999999999999988		1		1.21014309684142e-14
0.703		0.999999999999987		1		1.26565424807268e-14
0.704		0.999999999999987		1		1.33226762955019e-14
0.705		0.999999999999986		1		1.40998324127395e-14
0.706		0.999999999999985		1		1.47659662275146e-14
0.707		0.999999999999984		1		1.55431223447522e-14
0.708		0.999999999999984		1		1.63202784619898e-14
0.709		0.999999999999983		1		1.68753899743024e-14
0.71		0.999999999999983		1		1.7430501486615e-14
0.711		0.999999999999982		1		1.80966353013901e-14
0.712		0.999999999999981		1		1.87627691161651e-14
0.713		0.999999999999981		1		1.94289029309402e-14
0.714		0.99999999999998		1		2.02060590481778e-14
0.715		0.999999999999979		1		2.09832151654155e-14
0.716		0.999999999999978		1		2.1538326677728e-14
0.717		0.999999999999978		1		2.20934381900406e-14
0.718		0.999999999999977		1		2.28705943072782e-14
0.719		0.999999999999976		1		2.36477504245158e-14
0.72		0.999999999999976		1		2.44249065417534e-14
0.721		0.999999999999975		1		2.50910403565285e-14
0.722		0.999999999999974		1		2.56461518688411e-14
0.723		0.999999999999974		1		2.62012633811537e-14
0.724		0.999999999999973		1		2.69784194983913e-14
0.725		0.999999999999972		1		2.77555756156289e-14
0.726		0.999999999999972		1		2.8421709430404e-14
0.727		0.999999999999971		1		2.90878432451791e-14
0.728		0.99999999999997		1		2.97539770599542e-14
0.729		0.99999999999997		1		3.03090885722668e-14
0.73		0.999999999999969		1		3.08642000845794e-14
0.731		0.999999999999968		1		3.15303338993544e-14
0.732		0.999999999999968		1		3.21964677141295e-14
0.733		0.999999999999967		1		3.27515792264421e-14
0.734		0.999999999999967		1		3.33066907387547e-14
0.735		0.999999999999966		1		3.36397576461422e-14
0.736		0.999999999999966		1		3.40838468559923e-14
0.737		0.999999999999965		1		3.45279360658424e-14
0.738		0.999999999999965		1		3.50830475781549e-14
0.739		0.999999999999964		1		3.5527136788005e-14
0.74		0.999999999999964		1		3.574918139293e-14
0.741		0.999999999999964		1		3.60822483003176e-14
0.742		0.999999999999964		1		3.64153152077051e-14
0.743		0.999999999999963		1		3.67483821150927e-14
0.744		0.999999999999963		1		3.70814490224802e-14
0.745		0.999999999999963		1		3.74145159298678e-14
0.746		0.999999999999962		1		3.77475828372553e-14
0.747		0.999999999999962		1		3.78586051397178e-14
0.748		0.999999999999962		1		3.79696274421804e-14
0.749		0.999999999999962		1		3.80806497446429e-14
0.75		0.999999999999962		1		3.83026943495679e-14
0.751		0.999999999999961		1		3.85247389544929e-14
0.752		0.999999999999961		1		3.86357612569554e-14
0.753		0.999999999999961		1		3.8746783559418e-14
0.754		0.999999999999961		1		3.8968828164343e-14
0.755		0.999999999999961		1		3.9190872769268e-14
0.756		0.999999999999961		1		3.94129173741931e-14
0.757		0.99999999999996		1		3.96349619791181e-14
0.758		0.99999999999996		1		3.98570065840431e-14
0.759		0.99999999999996		1		4.01900734914307e-14
0.76		0.99999999999996		1		4.04121180963557e-14
0.761		0.999999999999959		1		4.07451850037432e-14
0.762		0.999999999999959		1		4.11892742135933e-14
0.763		0.999999999999958		1		4.16333634234434e-14
0.764		0.999999999999958		1		4.20774526332934e-14
0.765		0.999999999999957		1		4.27435864480685e-14
0.766		0.999999999999957		1		4.34097202628436e-14
0.767		0.999999999999956		1		4.39648317751562e-14
0.768		0.999999999999955		1		4.45199432874688e-14
0.769		0.999999999999955		1		4.51860771022439e-14
0.77		0.999999999999954		1		4.56301663120939e-14
0.771		0.999999999999954		1		4.6074255521944e-14
0.772		0.999999999999954		1		4.64073224293315e-14
0.773		0.999999999999953		1		4.66293670342566e-14
0.774		0.999999999999953		1		4.68514116391816e-14
0.775		0.999999999999953		1		4.70734562441066e-14
0.776		0.999999999999952		1		4.75175454539567e-14
0.777		0.999999999999952		1		4.78506123613442e-14
0.778		0.999999999999952		1		4.80726569662693e-14
0.779		0.999999999999952		1		4.82947015711943e-14
0.78		0.999999999999951		1		4.86277684785819e-14
0.781		0.999999999999951		1		4.89608353859694e-14
0.782		0.99999999999995		1		4.9515946898282e-14
0.783		0.99999999999995		1		5.00710584105946e-14
0.784		0.999999999999949		1		5.05151476204446e-14
0.785		0.999999999999949		1		5.08482145278322e-14
0.786		0.999999999999949		1		5.10702591327572e-14
0.787		0.999999999999949		1		5.14033260401447e-14
0.788		0.999999999999948		1		5.18474152499948e-14
0.789		0.999999999999948		1		5.22915044598449e-14
0.79		0.999999999999947		1		5.25135490647699e-14
0.791		0.999999999999947		1		5.27355936696949e-14
0.792		0.999999999999947		1		5.295763827462e-14
0.793		0.999999999999947		1		5.3179682879545e-14
0.794		0.999999999999947		1		5.32907051820075e-14
0.795		0.999999999999947		1		5.32907051820075e-14
0.796		0.999999999999947		1		5.32907051820075e-14
0.797		0.999999999999947		1		5.32907051820075e-14
0.798		0.999999999999947		1		5.32907051820075e-14
0.799		0.999999999999947		1		5.32907051820075e-14
0.8		0.999999999999947		1		5.32907051820075e-14
0.801		0.999999999999947		1		5.32907051820075e-14
0.802		0.999999999999947		1		5.32907051820075e-14
0.803		0.999999999999947		1		5.32907051820075e-14
0.804		0.999999999999947		1		5.3179682879545e-14
0.805		0.999999999999947		1		5.30686605770825e-14
0.806		0.999999999999947		1		5.28466159721575e-14
0.807		0.999999999999947		1		5.26245713672324e-14
0.808		0.999999999999948		1		5.24025267623074e-14
0.809		0.999999999999948		1		5.20694598549198e-14
0.81		0.999999999999948		1		5.18474152499948e-14
0.811		0.999999999999948		1		5.16253706450698e-14
0.812		0.999999999999948		1		5.15143483426073e-14
0.813		0.999999999999948		1		5.15143483426073e-14
0.814		0.999999999999948		1		5.15143483426073e-14
0.815		0.999999999999949		1		5.12923037376822e-14
0.816		0.999999999999949		1		5.09592368302947e-14
0.817		0.999999999999949		1		5.07371922253697e-14
0.818		0.99999999999995		1		5.04041253179821e-14
0.819		0.99999999999995		1		5.00710584105946e-14
0.82		0.99999999999995		1		4.9737991503207e-14
0.821		0.999999999999951		1		4.94049245958195e-14
0.822		0.999999999999951		1		4.91828799908944e-14
0.823		0.999999999999951		1		4.89608353859694e-14
0.824		0.999999999999951		1		4.88498130835069e-14
0.825		0.999999999999951		1		4.87387907810444e-14
0.826		0.999999999999951		1		4.87387907810444e-14
0.827		0.999999999999951		1		4.87387907810444e-14
0.828		0.999999999999951		1		4.89608353859694e-14
0.829		0.999999999999951		1		4.9293902293357e-14
0.83		0.999999999999951		1		4.94049245958195e-14
0.831		0.99999999999995		1		4.96269692007445e-14
0.832		0.99999999999995		1		4.98490138056695e-14
0.833		0.99999999999995		1		5.00710584105946e-14
0.834		0.99999999999995		1		5.02931030155196e-14
0.835		0.99999999999995		1		5.04041253179821e-14
0.836		0.999999999999949		1		5.05151476204446e-14
0.837		0.999999999999949		1		5.06261699229071e-14
0.838		0.999999999999949		1		5.07371922253697e-14
0.839		0.999999999999949		1		5.07371922253697e-14
0.84		0.999999999999949		1		5.07371922253697e-14
0.841		0.999999999999949		1		5.08482145278322e-14
0.842		0.999999999999949		1		5.08482145278322e-14
0.843		0.999999999999949		1		5.08482145278322e-14
0.844		0.999999999999949		1		5.09592368302947e-14
0.845		0.999999999999949		1		5.08482145278322e-14
0.846		0.999999999999949		1		5.08482145278322e-14
0.847		0.999999999999949		1		5.08482145278322e-14
0.848		0.999999999999949		1		5.08482145278322e-14
0.849		0.999999999999949		1		5.08482145278322e-14
0.85		0.999999999999949		1		5.08482145278322e-14
0.851		0.999999999999949		1		5.08482145278322e-14
0.852		0.999999999999949		1		5.08482145278322e-14
0.853		0.999999999999949		1		5.08482145278322e-14
0.854		0.999999999999949		1		5.07371922253697e-14
0.855		0.99999999999995		1		5.04041253179821e-14
0.856		0.99999999999995		1		5.00710584105946e-14
0.857		0.99999999999995		1		4.9737991503207e-14
0.858		0.999999999999951		1		4.94049245958195e-14
0.859		0.999999999999951		1		4.90718576884319e-14
0.86		0.999999999999951		1		4.86277684785819e-14
0.861		0.999999999999952		1		4.81836792687318e-14
0.862		0.999999999999952		1		4.77395900588817e-14
0.863		0.999999999999953		1		4.74065231514942e-14
0.864		0.999999999999953		1		4.71844785465692e-14
0.865		0.999999999999953		1		4.69624339416441e-14
0.866		0.999999999999953		1		4.67403893367191e-14
0.867		0.999999999999953		1		4.66293670342566e-14
0.868		0.999999999999954		1		4.64073224293315e-14
0.869		0.999999999999954		1		4.61852778244065e-14
0.87		0.999999999999954		1		4.6074255521944e-14
0.871		0.999999999999954		1		4.59632332194815e-14
0.872		0.999999999999954		1		4.57411886145564e-14
0.873		0.999999999999955		1		4.54081217071689e-14
0.874		0.999999999999955		1		4.50750547997814e-14
0.875		0.999999999999955		1		4.47419878923938e-14
0.876		0.999999999999955		1		4.45199432874688e-14
0.877		0.999999999999956		1		4.41868763800812e-14
0.878		0.999999999999956		1		4.38538094726937e-14
0.879		0.999999999999956		1		4.36317648677687e-14
0.88		0.999999999999956		1		4.35207425653061e-14
0.881		0.999999999999957		1		4.31876756579186e-14
0.882		0.999999999999957		1		4.2854608750531e-14
0.883		0.999999999999957		1		4.25215418431435e-14
0.884		0.999999999999958		1		4.21884749357559e-14
0.885		0.999999999999958		1		4.17443857259059e-14
0.886		0.999999999999958		1		4.15223411209809e-14
0.887		0.999999999999959		1		4.13002965160558e-14
0.888		0.999999999999959		1		4.10782519111308e-14
0.889		0.999999999999959		1		4.10782519111308e-14
0.89		0.999999999999959		1		4.09672296086683e-14
0.891		0.999999999999959		1		4.08562073062058e-14
0.892		0.999999999999959		1		4.06341627012807e-14
0.893		0.99999999999996		1		4.03010957938932e-14
0.894		0.99999999999996		1		3.99680288865056e-14
0.895		0.99999999999996		1		3.97459842815806e-14
0.896		0.999999999999961		1		3.94129173741931e-14
0.897		0.999999999999961		1		3.9190872769268e-14
0.898		0.999999999999961		1		3.90798504668055e-14
0.899		0.999999999999961		1		3.90798504668055e-14
0.9		0.999999999999961		1		3.9190872769268e-14
0.901		0.999999999999961		1		3.94129173741931e-14
0.902		0.99999999999996		1		3.95239396766556e-14
0.903		0.99999999999996		1		3.96349619791181e-14
0.904		0.99999999999996		1		3.97459842815806e-14
0.905		0.99999999999996		1		3.98570065840431e-14
0.906		0.99999999999996		1		3.98570065840431e-14
0.907		0.99999999999996		1		3.99680288865056e-14
0.908		0.99999999999996		1		3.99680288865056e-14
0.909		0.99999999999996		1		3.99680288865056e-14
0.91		0.99999999999996		1		3.98570065840431e-14
0.911		0.99999999999996		1		3.97459842815806e-14
0.912		0.99999999999996		1		3.96349619791181e-14
0.913		0.99999999999996		1		3.95239396766556e-14
0.914		0.99999999999996		1		3.95239396766556e-14
0.915		0.999999999999961		1		3.93018950717305e-14
0.916		0.999999999999961		1		3.9190872769268e-14
0.917		0.999999999999961		1		3.9190872769268e-14
0.918		0.999999999999961		1		3.93018950717305e-14
0.919		0.999999999999961		1		3.94129173741931e-14
0.92		0.99999999999996		1		3.96349619791181e-14
0.921		0.99999999999996		1		3.98570065840431e-14
0.922		0.99999999999996		1		3.99680288865056e-14
0.923		0.99999999999996		1		4.00790511889682e-14
0.924		0.99999999999996		1		4.03010957938932e-14
0.925		0.999999999999959		1		4.05231403988182e-14
0.926		0.999999999999959		1		4.06341627012807e-14
0.927		0.999999999999959		1		4.08562073062058e-14
0.928		0.999999999999959		1		4.10782519111308e-14
0.929		0.999999999999959		1		4.13002965160558e-14
0.93		0.999999999999959		1		4.14113188185183e-14
0.931		0.999999999999958		1		4.15223411209809e-14
0.932		0.999999999999958		1		4.17443857259059e-14
0.933		0.999999999999958		1		4.19664303308309e-14
0.934		0.999999999999958		1		4.21884749357559e-14
0.935		0.999999999999958		1		4.22994972382185e-14
0.936		0.999999999999958		1		4.22994972382185e-14
0.937		0.999999999999958		1		4.22994972382185e-14
0.938		0.999999999999958		1		4.22994972382185e-14
0.939		0.999999999999957		1		4.25215418431435e-14
0.94		0.999999999999957		1		4.27435864480685e-14
0.941		0.999999999999957		1		4.2854608750531e-14
0.942		0.999999999999957		1		4.29656310529936e-14
0.943		0.999999999999957		1		4.30766533554561e-14
0.944		0.999999999999957		1		4.30766533554561e-14
0.945		0.999999999999957		1		4.30766533554561e-14
0.946		0.999999999999957		1		4.31876756579186e-14
0.947		0.999999999999957		1		4.31876756579186e-14
0.948		0.999999999999957		1		4.34097202628436e-14
0.949		0.999999999999956		1		4.35207425653061e-14
0.95		0.999999999999956		1		4.38538094726937e-14
0.951		0.999999999999956		1		4.41868763800812e-14
0.952		0.999999999999956		1		4.44089209850063e-14
0.953		0.999999999999955		1		4.47419878923938e-14
0.954		0.999999999999955		1		4.50750547997814e-14
0.955		0.999999999999955		1		4.52970994047064e-14
0.956		0.999999999999954		1		4.56301663120939e-14
0.957		0.999999999999954		1		4.61852778244065e-14
0.958		0.999999999999953		1		4.66293670342566e-14
0.959		0.999999999999953		1		4.68514116391816e-14
0.96		0.999999999999953		1		4.69624339416441e-14
0.961		0.999999999999953		1		4.70734562441066e-14
0.962		0.999999999999953		1		4.70734562441066e-14
0.963		0.999999999999953		1		4.71844785465692e-14
0.964		0.999999999999953		1		4.72955008490317e-14
0.965		0.999999999999953		1		4.74065231514942e-14
0.966		0.999999999999952		1		4.75175454539567e-14
0.967		0.999999999999952		1		4.75175454539567e-14
0.968		0.999999999999952		1		4.76285677564192e-14
0.969		0.999999999999952		1		4.76285677564192e-14
0.97		0.999999999999952		1		4.75175454539567e-14
0.971		0.999999999999953		1		4.74065231514942e-14
0.972		0.999999999999953		1		4.72955008490317e-14
0.973		0.999999999999953		1		4.71844785465692e-14
0.974		0.999999999999953		1		4.68514116391816e-14
0.975		0.999999999999953		1		4.65183447317941e-14
0.976		0.999999999999954		1		4.61852778244065e-14
0.977		0.999999999999954		1		4.5852210917019e-14
0.978		0.999999999999955		1		4.54081217071689e-14
0.979		0.999999999999955		1		4.48530101948563e-14
0.98		0.999999999999956		1		4.41868763800812e-14
0.981		0.999999999999957		1		4.34097202628436e-14
0.982		0.999999999999957		1		4.25215418431435e-14
0.983		0.999999999999958		1		4.18554080283684e-14
0.984		0.999999999999959		1		4.13002965160558e-14
0.985		0.999999999999959		1		4.06341627012807e-14
0.986		0.99999999999996		1		3.99680288865056e-14
0.987		0.999999999999961		1		3.93018950717305e-14
0.988		0.999999999999961		1		3.86357612569554e-14
0.989		0.999999999999962		1		3.79696274421804e-14
0.99		0.999999999999963		1		3.70814490224802e-14
0.991		0.999999999999964		1		3.60822483003176e-14
0.992		0.999999999999965		1		3.48610029732299e-14
0.993		0.999999999999966		1		3.35287353436797e-14
0.994		0.999999999999968		1		3.2085445411667e-14
0.995		0.999999999999969		1		3.05311331771918e-14
0.996		0.999999999999971		1		2.85327317328665e-14
0.997		0.999999999999974		1		2.60902410786912e-14
0.998		0.999999999999977		1		2.25375273998907e-14
0.999		0.999999999999983		1		1.69864122767649e-14
1		1		1		0
