# x      Y       Yex     err
0		-0.5		-0.5		0
0.001		-0.4999985		-0.4999985		5.55111512312578e-17
0.002		-0.499994		-0.499994		1.66533453693773e-16
0.003		-0.4999865		-0.4999865		2.77555756156289e-16
0.004		-0.499976		-0.499976		3.88578058618805e-16
0.005		-0.499962500000001		-0.4999625		5.55111512312578e-16
0.006		-0.499946000000001		-0.499946		7.21644966006352e-16
0.007		-0.499926500000001		-0.4999265		9.43689570931383e-16
0.008		-0.499904000000001		-0.499904		1.0547118733939e-15
0.009		-0.499878500000001		-0.4998785		1.11022302462516e-15
0.01		-0.499850000000001		-0.49985		1.22124532708767e-15
0.011		-0.499818500000001		-0.4998185		1.4432899320127e-15
0.012		-0.499784000000002		-0.499784		1.55431223447522e-15
0.013		-0.499746500000002		-0.4997465		1.83186799063151e-15
0.014		-0.499706000000002		-0.499706		1.99840144432528e-15
0.015		-0.499662500000002		-0.4996625		2.05391259555654e-15
0.016		-0.499616000000002		-0.499616		2.16493489801906e-15
0.017		-0.499566500000002		-0.4995665		2.33146835171283e-15
0.018		-0.499514000000003		-0.499514		2.66453525910038e-15
0.019		-0.499458500000003		-0.4994585		2.99760216648792e-15
0.02		-0.499400000000003		-0.4994		3.33066907387547e-15
0.021		-0.499338500000004		-0.4993385		3.71924713249427e-15
0.022		-0.499274000000004		-0.499274		4.16333634234434e-15
0.023		-0.499206500000004		-0.4992065		4.49640324973188e-15
0.024		-0.499136000000005		-0.499136		4.88498130835069e-15
0.025		-0.499062500000005		-0.4990625		5.32907051820075e-15
0.026		-0.498986000000006		-0.498986		5.82867087928207e-15
0.027		-0.498906500000006		-0.4989065		6.21724893790088e-15
0.028		-0.498824000000007		-0.498824		6.60582699651968e-15
0.029		-0.498738500000007		-0.4987385		6.93889390390723e-15
0.03		-0.498650000000007		-0.49865		7.27196081129478e-15
0.031		-0.498558500000008		-0.4985585		7.60502771868232e-15
0.032		-0.498464000000008		-0.498464		7.99360577730113e-15
0.033		-0.498366500000008		-0.4983665		8.43769498715119e-15
0.034		-0.498266000000009		-0.498266		8.77076189453874e-15
0.035		-0.498162500000009		-0.4981625		9.04831765069503e-15
0.036		-0.498056000000009		-0.498056		9.38138455808257e-15
0.037		-0.49794650000001		-0.4979465		9.71445146547012e-15
0.038		-0.49783400000001		-0.497834		1.01030295240889e-14
0.039		-0.49771850000001		-0.4977185		1.04360964314765e-14
0.04		-0.497600000000011		-0.4976		1.08801856413265e-14
0.041		-0.497478500000011		-0.4974785		1.12687636999453e-14
0.042		-0.497354000000012		-0.497354		1.16573417585641e-14
0.043		-0.497226500000012		-0.4972265		1.21014309684142e-14
0.044		-0.497096000000013		-0.497096		1.26565424807268e-14
0.045		-0.496962500000013		-0.4969625		1.31561428418081e-14
0.046		-0.496826000000014		-0.496826		1.36557432028894e-14
0.047		-0.496686500000014		-0.4966865		1.41553435639707e-14
0.048		-0.496544000000015		-0.496544		1.46549439250521e-14
0.049		-0.496398500000015		-0.4963985		1.50990331349021e-14
0.05		-0.496250000000016		-0.49625		1.55986334959834e-14
0.051		-0.496098500000016		-0.4960985		1.62092561595273e-14
0.052		-0.495944000000017		-0.495944		1.67643676718399e-14
0.053		-0.495786500000017		-0.4957865		1.73194791841524e-14
0.054		-0.495626000000018		-0.495626		1.79301018476963e-14
0.055		-0.495462500000019		-0.4954625		1.84852133600089e-14
0.056		-0.495296000000019		-0.495296		1.90403248723214e-14
0.057		-0.49512650000002		-0.4951265		1.95399252334028e-14
0.058		-0.49495400000002		-0.494954		2.00950367457153e-14
0.059		-0.494778500000021		-0.4947785		2.06501482580279e-14
0.06		-0.494600000000021		-0.4946		2.11497486191092e-14
0.061		-0.494418500000022		-0.4944185		2.15938378289593e-14
0.062		-0.494234000000022		-0.494234		2.19824158875781e-14
0.063		-0.494046500000022		-0.4940465		2.24265050974282e-14
0.064		-0.493856000000023		-0.493856		2.28705943072782e-14
0.065		-0.493662500000023		-0.4936625		2.33146835171283e-14
0.066		-0.493466000000024		-0.493466		2.37587727269783e-14
0.067		-0.493266500000024		-0.4932665		2.42028619368284e-14
0.068		-0.493064000000025		-0.493064		2.46469511466785e-14
0.069		-0.492858500000025		-0.4928585		2.50355292052973e-14
0.07		-0.492650000000026		-0.49265		2.55351295663786e-14
0.071		-0.492438500000026		-0.4924385		2.59792187762287e-14
0.072		-0.492224000000026		-0.492224		2.64233079860787e-14
0.073		-0.492006500000027		-0.4920065		2.68118860446975e-14
0.074		-0.491786000000027		-0.491786		2.72559752545476e-14
0.075		-0.491562500000028		-0.4915625		2.75890421619351e-14
0.076		-0.491336000000028		-0.491336		2.80331313717852e-14
0.077		-0.491106500000028		-0.4911065		2.8421709430404e-14
0.078		-0.490874000000029		-0.490874		2.89213097914853e-14
0.079		-0.490638500000029		-0.4906385		2.92543766988729e-14
0.08		-0.49040000000003		-0.4904		2.95874436062604e-14
0.081		-0.49015850000003		-0.4901585		2.99760216648792e-14
0.082		-0.48991400000003		-0.489914		3.04201108747293e-14
0.083		-0.489666500000031		-0.4896665		3.08642000845794e-14
0.084		-0.489416000000031		-0.489416		3.11972669919669e-14
0.085		-0.489162500000032		-0.4891625		3.1641356201817e-14
0.086		-0.488906000000032		-0.488906		3.20299342604358e-14
0.087		-0.488646500000032		-0.4886465		3.24740234702858e-14
0.088		-0.488384000000033		-0.488384		3.28626015289046e-14
0.089		-0.488118500000033		-0.4881185		3.31956684362922e-14
0.09		-0.487850000000034		-0.48785		3.3584246494911e-14
0.091		-0.487578500000034		-0.4875785		3.39173134022985e-14
0.092		-0.487304000000034		-0.487304		3.43614026121486e-14
0.093		-0.487026500000035		-0.4870265		3.48054918219987e-14
0.094		-0.486746000000035		-0.486746		3.52495810318487e-14
0.095		-0.486462500000036		-0.4864625		3.574918139293e-14
0.096		-0.486176000000036		-0.486176		3.63042929052426e-14
0.097		-0.485886500000037		-0.4858865		3.68594044175552e-14
0.098		-0.485594000000037		-0.485594		3.7470027081099e-14
0.099		-0.485298500000038		-0.4852985		3.80806497446429e-14
0.1		-0.485000000000039		-0.485		3.86357612569554e-14
0.101		-0.484698500000039		-0.4846985		3.93018950717305e-14
0.102		-0.48439400000004		-0.484394		3.98570065840431e-14
0.103		-0.48408650000004		-0.4840865		4.04121180963557e-14
0.104		-0.483776000000041		-0.483776		4.09672296086683e-14
0.105		-0.483462500000042		-0.4834625		4.15223411209809e-14
0.106		-0.483146000000042		-0.483146		4.21884749357559e-14
0.107		-0.482826500000043		-0.4828265		4.2854608750531e-14
0.108		-0.482504000000044		-0.482504		4.35762537165374e-14
0.109		-0.482178500000044		-0.4821785		4.413136522885e-14
0.11		-0.481850000000045		-0.48185		4.47974990436251e-14
0.111		-0.481518500000045		-0.4815185		4.54081217071689e-14
0.112		-0.481184000000046		-0.481184		4.61297666731753e-14
0.113		-0.480846500000047		-0.4808465		4.68514116391816e-14
0.114		-0.480506000000048		-0.480506		4.76840789076505e-14
0.115		-0.480162500000048		-0.4801625		4.84612350248881e-14
0.116		-0.479816000000049		-0.479816		4.91828799908944e-14
0.117		-0.47946650000005		-0.4794665		4.99045249569008e-14
0.118		-0.479114000000051		-0.479114		5.06261699229071e-14
0.119		-0.478758500000051		-0.4787585		5.13478148889135e-14
0.12		-0.478400000000052		-0.4784		5.20694598549198e-14
0.121		-0.478038500000053		-0.4780385		5.29021271233887e-14
0.122		-0.477674000000054		-0.477674		5.36237720893951e-14
0.123		-0.477306500000054		-0.4773065		5.43454170554014e-14
0.124		-0.476936000000055		-0.476936		5.5122573172639e-14
0.125		-0.476562500000056		-0.4765625		5.59552404411079e-14
0.126		-0.476186000000057		-0.476186		5.67879077095768e-14
0.127		-0.475806500000058		-0.4758065		5.75650638268144e-14
0.128		-0.475424000000058		-0.475424		5.83977310952832e-14
0.129		-0.475038500000059		-0.4750385		5.92303983637521e-14
0.13		-0.47465000000006		-0.47465		5.98965321785272e-14
0.131		-0.474258500000061		-0.4742585		6.05626659933023e-14
0.132		-0.473864000000061		-0.473864		6.13398221105399e-14
0.133		-0.473466500000062		-0.4734665		6.20614670765463e-14
0.134		-0.473066000000063		-0.473066		6.28386231937839e-14
0.135		-0.472662500000064		-0.4726625		6.3726801613484e-14
0.136		-0.472256000000065		-0.472256		6.45594688819529e-14
0.137		-0.471846500000065		-0.4718465		6.5447647301653e-14
0.138		-0.471434000000066		-0.471434		6.63358257213531e-14
0.139		-0.471018500000067		-0.4710185		6.72240041410532e-14
0.14		-0.470600000000068		-0.4706		6.81121825607534e-14
0.141		-0.470178500000069		-0.4701785		6.90003609804535e-14
0.142		-0.46975400000007		-0.469754		6.98330282489223e-14
0.143		-0.469326500000071		-0.4693265		7.07767178198537e-14
0.144		-0.468896000000072		-0.468896		7.16093850883226e-14
0.145		-0.468462500000072		-0.4684625		7.23865412055602e-14
0.146		-0.468026000000073		-0.468026		7.31636973227978e-14
0.147		-0.467586500000074		-0.4675865		7.38853422888042e-14
0.148		-0.467144000000075		-0.467144		7.46069872548105e-14
0.149		-0.466698500000075		-0.4666985		7.53286322208169e-14
0.15		-0.466250000000076		-0.46625		7.61612994892857e-14
0.151		-0.465798500000077		-0.4657985		7.69384556065233e-14
0.152		-0.465344000000078		-0.465344		7.77711228749922e-14
0.153		-0.464886500000079		-0.4648865		7.86037901434611e-14
0.154		-0.464426000000079		-0.464426		7.93809462606987e-14
0.155		-0.46396250000008		-0.4639625		8.02136135291676e-14
0.156		-0.463496000000081		-0.463496		8.09907696464052e-14
0.157		-0.463026500000082		-0.4630265		8.17124146124115e-14
0.158		-0.462554000000082		-0.462554		8.24340595784179e-14
0.159		-0.462078500000083		-0.4620785		8.32112156956555e-14
0.16		-0.461600000000084		-0.4616		8.38773495104306e-14
0.161		-0.461118500000084		-0.4611185		8.44324610227432e-14
0.162		-0.460634000000085		-0.460634		8.5043083686287e-14
0.163		-0.460146500000086		-0.4601465		8.55981951985996e-14
0.164		-0.459656000000086		-0.459656		8.61533067109121e-14
0.165		-0.459162500000087		-0.4591625		8.67084182232247e-14
0.166		-0.458666000000087		-0.458666		8.72635297355373e-14
0.167		-0.458166500000088		-0.4581665		8.78741523990811e-14
0.168		-0.457664000000088		-0.457664		8.83737527601625e-14
0.169		-0.457158500000089		-0.4571585		8.89843754237063e-14
0.17		-0.45665000000009		-0.45665		8.95949980872501e-14
0.171		-0.45613850000009		-0.4561385		9.0205620750794e-14
0.172		-0.455624000000091		-0.455624		9.08162434143378e-14
0.173		-0.455106500000091		-0.4551065		9.14823772291129e-14
0.174		-0.454586000000092		-0.454586		9.20929998926567e-14
0.175		-0.454062500000093		-0.4540625		9.27591337074318e-14
0.176		-0.453536000000093		-0.453536		9.33697563709757e-14
0.177		-0.453006500000094		-0.4530065		9.39803790345195e-14
0.178		-0.452474000000095		-0.452474		9.47020240005259e-14
0.179		-0.451938500000095		-0.4519385		9.53681578153009e-14
0.18		-0.451400000000096		-0.4514		9.60898027813073e-14
0.181		-0.450858500000097		-0.4508585		9.69224700497762e-14
0.182		-0.450314000000098		-0.450314		9.7755137318245e-14
0.183		-0.449766500000098		-0.4497665		9.84212711330201e-14
0.184		-0.449216000000099		-0.449216		9.91429160990265e-14
0.185		-0.4486625000001		-0.4486625		9.98090499138016e-14
0.186		-0.4481060000001		-0.448106		1.00475183728577e-13
0.187		-0.447546500000101		-0.4475465		1.01085806392121e-13
0.188		-0.446984000000102		-0.446984		1.01640917904433e-13
0.189		-0.446418500000102		-0.4464185		1.02085007114283e-13
0.19		-0.445850000000103		-0.44585		1.02584607475364e-13
0.191		-0.445278500000103		-0.4452785		1.02917674382752e-13
0.192		-0.444704000000103		-0.444704		1.03417274743833e-13
0.193		-0.444126500000104		-0.4441265		1.03916875104915e-13
0.194		-0.443546000000104		-0.443546		1.04360964314765e-13
0.195		-0.442962500000105		-0.4429625		1.04860564675846e-13
0.196		-0.442376000000105		-0.442376		1.05304653885696e-13
0.197		-0.441786500000106		-0.4417865		1.05804254246777e-13
0.198		-0.441194000000106		-0.441194		1.06303854607859e-13
0.199		-0.440598500000107		-0.4405985		1.06747943817709e-13
0.2		-0.440000000000107		-0.44		1.07303055330021e-13
0.201		-0.439398500000108		-0.4393985		1.07913677993565e-13
0.202		-0.438794000000109		-0.438794		1.08524300657109e-13
0.203		-0.438186500000109		-0.4381865		1.09190434471884e-13
0.204		-0.43757600000011		-0.437576		1.0991207943789e-13
0.205		-0.436962500000111		-0.4369625		1.10578213252666e-13
0.206		-0.436346000000111		-0.436346		1.11133324764978e-13
0.207		-0.435726500000112		-0.4357265		1.11688436277291e-13
0.208		-0.435104000000112		-0.435104		1.12243547789603e-13
0.209		-0.434478500000113		-0.4344785		1.12743148150685e-13
0.21		-0.433850000000113		-0.43385		1.13242748511766e-13
0.211		-0.433218500000114		-0.4332185		1.13742348872847e-13
0.212		-0.432584000000114		-0.432584		1.1429746038516e-13
0.213		-0.431946500000115		-0.4319465		1.14908083048704e-13
0.214		-0.431306000000115		-0.431306		1.15463194561016e-13
0.215		-0.430662500000116		-0.4306625		1.16018306073329e-13
0.216		-0.430016000000117		-0.430016		1.16628928736873e-13
0.217		-0.429366500000117		-0.4293665		1.17239551400417e-13
0.218		-0.428714000000118		-0.428714		1.17794662912729e-13
0.219		-0.428058500000118		-0.4280585		1.1829426327381e-13
0.22		-0.427400000000119		-0.4274		1.18793863634892e-13
0.221		-0.426738500000119		-0.4267385		1.19237952844742e-13
0.222		-0.42607400000012		-0.426074		1.19737553205823e-13
0.223		-0.42540650000012		-0.4254065		1.20126131264442e-13
0.224		-0.424736000000121		-0.424736		1.20625731625523e-13
0.225		-0.424062500000121		-0.4240625		1.21069820835373e-13
0.226		-0.423386000000121		-0.423386		1.21513910045223e-13
0.227		-0.422706500000122		-0.4227065		1.21957999255073e-13
0.228		-0.422024000000122		-0.422024		1.22346577313692e-13
0.229		-0.421338500000123		-0.4213385		1.22790666523542e-13
0.23		-0.420650000000123		-0.42065		1.23290266884624e-13
0.231		-0.419958500000124		-0.4199585		1.23623333792011e-13
0.232		-0.419264000000124		-0.419264		1.2401191185063e-13
0.233		-0.418566500000124		-0.4185665		1.24289467606786e-13
0.234		-0.417866000000125		-0.417866		1.24567023362943e-13
0.235		-0.417162500000125		-0.4171625		1.24733556816636e-13
0.236		-0.416456000000125		-0.416456		1.2490009027033e-13
0.237		-0.415746500000125		-0.4157465		1.25066623724024e-13
0.238		-0.415034000000125		-0.415034		1.25233157177718e-13
0.239		-0.414318500000125		-0.4143185		1.25399690631411e-13
0.24		-0.413600000000126		-0.4136		1.25510712933874e-13
0.241		-0.412878500000126		-0.4128785		1.25677246387568e-13
0.242		-0.412154000000126		-0.412154		1.25954802143724e-13
0.243		-0.411426500000126		-0.4114265		1.26176846748649e-13
0.244		-0.410696000000126		-0.410696		1.26398891353574e-13
0.245		-0.409962500000127		-0.4099625		1.26565424807268e-13
0.246		-0.409226000000127		-0.409226		1.26787469412193e-13
0.247		-0.408486500000127		-0.4084865		1.26954002865887e-13
0.248		-0.407744000000127		-0.407744		1.2712053631958e-13
0.249		-0.406998500000127		-0.4069985		1.27287069773274e-13
0.25		-0.406250000000127		-0.40625		1.27453603226968e-13
0.251		-0.405498500000128		-0.4054985		1.27731158983124e-13
0.252		-0.404744000000128		-0.404744		1.27953203588049e-13
0.253		-0.403986500000128		-0.4039865		1.28119737041743e-13
0.254		-0.403226000000128		-0.403226		1.28397292797899e-13
0.255		-0.402462500000129		-0.4024625		1.28508315100362e-13
0.256		-0.401696000000129		-0.401696		1.28730359705287e-13
0.257		-0.400926500000129		-0.4009265		1.29007915461443e-13
0.258		-0.400154000000129		-0.400154		1.29118937763906e-13
0.259		-0.399378500000129		-0.3993785		1.29396493520062e-13
0.26		-0.39860000000013		-0.3986		1.29507515822525e-13
0.261		-0.39781850000013		-0.3978185		1.2972956042745e-13
0.262		-0.39703400000013		-0.397034		1.29840582729912e-13
0.263		-0.39624650000013		-0.3962465		1.30118138486068e-13
0.264		-0.39545600000013		-0.395456		1.30395694242225e-13
0.265		-0.394662500000131		-0.3946625		1.30673249998381e-13
0.266		-0.393866000000131		-0.393866		1.30895294603306e-13
0.267		-0.393066500000131		-0.3930665		1.31172850359462e-13
0.268		-0.392264000000131		-0.392264		1.31450406115619e-13
0.269		-0.391458500000132		-0.3914585		1.31727961871775e-13
0.27		-0.390650000000132		-0.39065		1.31894495325469e-13
0.271		-0.389838500000132		-0.3898385		1.32172051081625e-13
0.272		-0.389024000000132		-0.389024		1.3239409568655e-13
0.273		-0.388206500000133		-0.3882065		1.32560629140244e-13
0.274		-0.387386000000133		-0.387386		1.328381848964e-13
0.275		-0.386562500000133		-0.3865625		1.33226762955019e-13
0.276		-0.385736000000133		-0.385736		1.33448807559944e-13
0.277		-0.384906500000134		-0.3849065		1.337263633161e-13
0.278		-0.384074000000134		-0.384074		1.34003919072256e-13
0.279		-0.383238500000134		-0.3832385		1.34281474828413e-13
0.28		-0.382400000000135		-0.3824		1.34559030584569e-13
0.281		-0.381558500000135		-0.3815585		1.34781075189494e-13
0.282		-0.380714000000135		-0.380714		1.34947608643188e-13
0.283		-0.379866500000135		-0.3798665		1.35114142096882e-13
0.284		-0.379016000000135		-0.379016		1.35391697853038e-13
0.285		-0.378162500000136		-0.3781625		1.35669253609194e-13
0.286		-0.377306000000136		-0.377306		1.35835787062888e-13
0.287		-0.376446500000136		-0.3764465		1.36057831667813e-13
0.288		-0.375584000000136		-0.375584		1.36224365121507e-13
0.289		-0.374718500000136		-0.3747185		1.36335387423969e-13
0.29		-0.373850000000136		-0.37385		1.36446409726432e-13
0.291		-0.372978500000137		-0.3729785		1.36668454331357e-13
0.292		-0.372104000000137		-0.372104		1.36779476633819e-13
0.293		-0.371226500000137		-0.3712265		1.36834987785051e-13
0.294		-0.370346000000137		-0.370346		1.36834987785051e-13
0.295		-0.369462500000137		-0.3694625		1.36890498936282e-13
0.296		-0.368576000000137		-0.368576		1.36946010087513e-13
0.297		-0.367686500000137		-0.3676865		1.37001521238744e-13
0.298		-0.366794000000137		-0.366794		1.37168054692438e-13
0.299		-0.365898500000137		-0.3658985		1.37223565843669e-13
0.3		-0.365000000000137		-0.365		1.37334588146132e-13
0.301		-0.364098500000137		-0.3640985		1.37445610448594e-13
0.302		-0.363194000000138		-0.363194		1.37556632751057e-13
0.303		-0.362286500000138		-0.3622865		1.37667655053519e-13
0.304		-0.361376000000138		-0.361376		1.37778677355982e-13
0.305		-0.360462500000138		-0.3604625		1.37945210809676e-13
0.306		-0.359546000000138		-0.359546		1.38056233112138e-13
0.307		-0.358626500000138		-0.3586265		1.38167255414601e-13
0.308		-0.357704000000138		-0.357704		1.38167255414601e-13
0.309		-0.356778500000138		-0.3567785		1.38222766565832e-13
0.31		-0.355850000000138		-0.35585		1.38278277717063e-13
0.311		-0.354918500000138		-0.3549185		1.38333788868295e-13
0.312		-0.353984000000138		-0.353984		1.38389300019526e-13
0.313		-0.353046500000138		-0.3530465		1.38500322321988e-13
0.314		-0.352106000000139		-0.352106		1.38500322321988e-13
0.315		-0.351162500000138		-0.3511625		1.38500322321988e-13
0.316		-0.350216000000139		-0.350216		1.3855583347322e-13
0.317		-0.349266500000139		-0.3492665		1.3855583347322e-13
0.318		-0.348314000000139		-0.348314		1.38611344624451e-13
0.319		-0.347358500000139		-0.3473585		1.38666855775682e-13
0.32		-0.346400000000139		-0.3464		1.38666855775682e-13
0.321		-0.345438500000139		-0.3454385		1.38722366926913e-13
0.322		-0.344474000000139		-0.344474		1.38722366926913e-13
0.323		-0.343506500000139		-0.3435065		1.38777878078145e-13
0.324		-0.342536000000139		-0.342536		1.38722366926913e-13
0.325		-0.341562500000139		-0.3415625		1.38666855775682e-13
0.326		-0.340586000000139		-0.340586		1.3855583347322e-13
0.327		-0.339606500000138		-0.3396065		1.38500322321988e-13
0.328		-0.338624000000138		-0.338624		1.38389300019526e-13
0.329		-0.337638500000138		-0.3376385		1.38500322321988e-13
0.33		-0.336650000000138		-0.33665		1.38389300019526e-13
0.331		-0.335658500000138		-0.3356585		1.38389300019526e-13
0.332		-0.334664000000138		-0.334664		1.38278277717063e-13
0.333		-0.333666500000138		-0.3336665		1.38222766565832e-13
0.334		-0.332666000000138		-0.332666		1.38222766565832e-13
0.335		-0.331662500000138		-0.3316625		1.38222766565832e-13
0.336		-0.330656000000138		-0.330656		1.38222766565832e-13
0.337		-0.329646500000138		-0.3296465		1.38222766565832e-13
0.338		-0.328634000000138		-0.328634		1.38222766565832e-13
0.339		-0.327618500000138		-0.3276185		1.38167255414601e-13
0.34		-0.326600000000138		-0.3266		1.38167255414601e-13
0.341		-0.325578500000138		-0.3255785		1.38167255414601e-13
0.342		-0.324554000000138		-0.324554		1.38111744263369e-13
0.343		-0.323526500000138		-0.3235265		1.38111744263369e-13
0.344		-0.322496000000138		-0.322496		1.38000721960907e-13
0.345		-0.321462500000138		-0.3214625		1.37945210809676e-13
0.346		-0.320426000000138		-0.320426		1.37834188507213e-13
0.347		-0.319386500000138		-0.3193865		1.37834188507213e-13
0.348		-0.318344000000138		-0.318344		1.37778677355982e-13
0.349		-0.317298500000138		-0.3172985		1.37834188507213e-13
0.35		-0.316250000000138		-0.31625		1.37778677355982e-13
0.351		-0.315198500000138		-0.3151985		1.37834188507213e-13
0.352		-0.314144000000138		-0.314144		1.37778677355982e-13
0.353		-0.313086500000138		-0.3130865		1.37723166204751e-13
0.354		-0.312026000000138		-0.312026		1.37778677355982e-13
0.355		-0.310962500000138		-0.3109625		1.37723166204751e-13
0.356		-0.309896000000138		-0.309896		1.37834188507213e-13
0.357		-0.308826500000138		-0.3088265		1.37834188507213e-13
0.358		-0.307754000000138		-0.307754		1.37834188507213e-13
0.359		-0.306678500000138		-0.3066785		1.37778677355982e-13
0.36		-0.305600000000138		-0.3056		1.37778677355982e-13
0.361		-0.304518500000138		-0.3045185		1.37667655053519e-13
0.362		-0.303434000000138		-0.303434		1.37612143902288e-13
0.363		-0.302346500000138		-0.3023465		1.37612143902288e-13
0.364		-0.301256000000138		-0.301256		1.37556632751057e-13
0.365		-0.300162500000137		-0.3001625		1.37445610448594e-13
0.366		-0.299066000000137		-0.299066		1.37279076994901e-13
0.367		-0.297966500000137		-0.2979665		1.37279076994901e-13
0.368		-0.296864000000137		-0.296864		1.37223565843669e-13
0.369		-0.295758500000137		-0.2957585		1.37057032389976e-13
0.37		-0.294650000000137		-0.29465		1.36946010087513e-13
0.371		-0.293538500000137		-0.2935385		1.36834987785051e-13
0.372		-0.292424000000137		-0.292424		1.36668454331357e-13
0.373		-0.291306500000137		-0.2913065		1.36501920877663e-13
0.374		-0.290186000000136		-0.290186		1.36279876272738e-13
0.375		-0.289062500000136		-0.2890625		1.36168853970275e-13
0.376		-0.287936000000136		-0.287936		1.3594680936535e-13
0.377		-0.286806500000136		-0.2868065		1.35724764760425e-13
0.378		-0.285674000000135		-0.285674		1.35391697853038e-13
0.379		-0.284538500000135		-0.2845385		1.35003119794419e-13
0.38		-0.283400000000135		-0.2834		1.34725564038263e-13
0.381		-0.282258500000134		-0.2822585		1.34448008282106e-13
0.382		-0.281114000000134		-0.281114		1.34114941374719e-13
0.383		-0.279966500000134		-0.2799665		1.337263633161e-13
0.384		-0.278816000000133		-0.278816		1.33448807559944e-13
0.385		-0.277662500000133		-0.2776625		1.33060229501325e-13
0.386		-0.276506000000133		-0.276506		1.32560629140244e-13
0.387		-0.275346500000132		-0.2753465		1.32227562232856e-13
0.388		-0.274184000000132		-0.274184		1.31838984174237e-13
0.389		-0.273018500000131		-0.2730185		1.31450406115619e-13
0.39		-0.271850000000131		-0.27185		1.30950805754537e-13
0.391		-0.270678500000131		-0.2706785		1.30562227695918e-13
0.392		-0.26950400000013		-0.269504		1.30118138486068e-13
0.393		-0.26832650000013		-0.2683265		1.29618538124987e-13
0.394		-0.267146000000129		-0.267146		1.29118937763906e-13
0.395		-0.265962500000129		-0.2659625		1.28674848554056e-13
0.396		-0.264776000000128		-0.264776		1.28175248192974e-13
0.397		-0.263586500000128		-0.2635865		1.27731158983124e-13
0.398		-0.262394000000127		-0.262394		1.27176047470812e-13
0.399		-0.261198500000127		-0.2611985		1.26731958260962e-13
0.4		-0.260000000000126		-0.26		1.26398891353574e-13
0.401		-0.258798500000126		-0.2587985		1.26010313294955e-13
0.402		-0.257594000000126		-0.257594		1.25566224085105e-13
0.403		-0.256386500000125		-0.2563865		1.25233157177718e-13
0.404		-0.255176000000125		-0.255176		1.24844579119099e-13
0.405		-0.253962500000124		-0.2539625		1.2445600106048e-13
0.406		-0.252746000000124		-0.252746		1.24067423001861e-13
0.407		-0.251526500000124		-0.2515265		1.23734356094474e-13
0.408		-0.250304000000123		-0.250304		1.23401289187086e-13
0.409		-0.249078500000123		-0.2490785		1.23095977855314e-13
0.41		-0.247850000000123		-0.24785		1.22735155372311e-13
0.411		-0.246618500000122		-0.2466185		1.22346577313692e-13
0.412		-0.245384000000122		-0.245384		1.22013510406305e-13
0.413		-0.244146500000122		-0.2441465		1.21652687923302e-13
0.414		-0.242906000000121		-0.242906		1.21208598713451e-13
0.415		-0.241662500000121		-0.2416625		1.20792265079217e-13
0.416		-0.24041600000012		-0.240416		1.20431442596214e-13
0.417		-0.23916650000012		-0.2391665		1.19904086659517e-13
0.418		-0.23791400000012		-0.237914		1.19571019752129e-13
0.419		-0.236658500000119		-0.2366585		1.19126930542279e-13
0.42		-0.235400000000119		-0.2354		1.18766108059276e-13
0.421		-0.234138500000118		-0.2341385		1.1829426327381e-13
0.422		-0.232874000000118		-0.232874		1.1785017406396e-13
0.423		-0.231606500000117		-0.2316065		1.1740608485411e-13
0.424		-0.230336000000117		-0.230336		1.17017506795491e-13
0.425		-0.229062500000117		-0.2290625		1.16545662010026e-13
0.426		-0.227786000000116		-0.227786		1.16129328375791e-13
0.427		-0.226506500000116		-0.2265065		1.15685239165941e-13
0.428		-0.225224000000115		-0.225224		1.15268905531707e-13
0.429		-0.223938500000115		-0.2239385		1.1474154959501e-13
0.43		-0.222650000000114		-0.22265		1.14241949233929e-13
0.431		-0.221358500000114		-0.2213585		1.13714593297232e-13
0.432		-0.220064000000113		-0.220064		1.13242748511766e-13
0.433		-0.218766500000113		-0.2187665		1.12659881423838e-13
0.434		-0.217466000000112		-0.217466		1.12188036638372e-13
0.435		-0.216162500000112		-0.2161625		1.11632925126059e-13
0.436		-0.214856000000111		-0.214856		1.11161080340594e-13
0.437		-0.213546500000111		-0.2135465		1.10633724403897e-13
0.438		-0.21223400000011		-0.212234		1.10189635194047e-13
0.439		-0.21091850000011		-0.2109185		1.0966227925735e-13
0.44		-0.209600000000109		-0.2096		1.09190434471884e-13
0.441		-0.208278500000109		-0.2082785		1.08663078535187e-13
0.442		-0.206954000000108		-0.206954		1.08191233749722e-13
0.443		-0.205626500000108		-0.2056265		1.07636122237409e-13
0.444		-0.204296000000107		-0.204296		1.07108766300712e-13
0.445		-0.202962500000107		-0.2029625		1.06553654788399e-13
0.446		-0.201626000000106		-0.201626		1.06026298851702e-13
0.447		-0.200286500000105		-0.2002865		1.05498942915006e-13
0.448		-0.198944000000105		-0.198944		1.04999342553924e-13
0.449		-0.197598500000104		-0.1975985		1.04416475465996e-13
0.45		-0.196250000000104		-0.19625		1.03889119529299e-13
0.451		-0.194898500000103		-0.1948985		1.03306252441371e-13
0.452		-0.193544000000103		-0.193544		1.02667874202211e-13
0.453		-0.192186500000102		-0.1921865		1.02085007114283e-13
0.454		-0.190826000000101		-0.190826		1.01502140026355e-13
0.455		-0.189462500000101		-0.1894625		1.00808250635964e-13
0.456		-0.1880960000001		-0.188096		1.00169872396805e-13
0.457		-0.1867265000001		-0.1867265		9.95592497332609e-14
0.458		-0.185354000000099		-0.185354		9.88931159184858e-14
0.459		-0.183978500000098		-0.1839785		9.81992265280951e-14
0.46		-0.182600000000098		-0.1826		9.75886038645513e-14
0.461		-0.181218500000097		-0.1812185		9.69224700497762e-14
0.462		-0.179834000000096		-0.179834		9.63118473862323e-14
0.463		-0.178446500000096		-0.1784465		9.5590202420226e-14
0.464		-0.177056000000095		-0.177056		9.50073353322978e-14
0.465		-0.175662500000094		-0.1756625		9.42856903662914e-14
0.466		-0.174266000000094		-0.174266		9.3647312127132e-14
0.467		-0.172866500000093		-0.1728665		9.29811783123569e-14
0.468		-0.171464000000092		-0.171464		9.23428000731974e-14
0.469		-0.170058500000092		-0.1700585		9.15933995315754e-14
0.47		-0.168650000000091		-0.16865		9.09272657168003e-14
0.471		-0.16723850000009		-0.1672385		9.02888874776409e-14
0.472		-0.16582400000009		-0.165824		8.97060203897126e-14
0.473		-0.164406500000089		-0.1644065		8.90121309993219e-14
0.474		-0.162986000000088		-0.162986		8.83459971845468e-14
0.475		-0.161562500000088		-0.1615625		8.76798633697717e-14
0.476		-0.160136000000087		-0.160136		8.6985973979381e-14
0.477		-0.158706500000086		-0.1587065		8.6236573437759e-14
0.478		-0.157274000000086		-0.157274		8.56259507742152e-14
0.479		-0.155838500000085		-0.1558385		8.49320613838245e-14
0.48		-0.154400000000084		-0.1544		8.41271496909712e-14
0.481		-0.152958500000084		-0.1529585		8.35165270274274e-14
0.482		-0.151514000000083		-0.151514		8.2794882061421e-14
0.483		-0.150066500000082		-0.1500665		8.2128748246646e-14
0.484		-0.148616000000081		-0.148616		8.14626144318709e-14
0.485		-0.147162500000081		-0.1471625		8.07964806170958e-14
0.486		-0.14570600000008		-0.145706		8.00748356510894e-14
0.487		-0.144246500000079		-0.1442465		7.93254351094674e-14
0.488		-0.142784000000079		-0.142784		7.86593012946923e-14
0.489		-0.141318500000078		-0.1413185		7.79654119043016e-14
0.49		-0.139850000000077		-0.13985		7.72160113626796e-14
0.491		-0.138378500000076		-0.1383785		7.64666108210577e-14
0.492		-0.136904000000076		-0.136904		7.568945470382e-14
0.493		-0.135426500000075		-0.1354265		7.49400541621981e-14
0.494		-0.133946000000074		-0.133946		7.41906536205761e-14
0.495		-0.132462500000073		-0.1324625		7.33857419277228e-14
0.496		-0.130976000000073		-0.130976		7.26640969617165e-14
0.497		-0.129486500000072		-0.1294865		7.19424519957101e-14
0.498		-0.127994000000071		-0.127994		7.11375403028569e-14
0.499		-0.12649850000007		-0.1264985		7.03326286100037e-14
0.5		-0.12500000000007		-0.125		6.96109836439973e-14
0.501		-0.123498500000069		-0.1234985		6.89170942536066e-14
0.502		-0.121994000000068		-0.121994		6.81676937119846e-14
0.503		-0.120486500000067		-0.1204865		6.74460487459783e-14
0.504		-0.118976000000067		-0.118976		6.67799149312032e-14
0.505		-0.117462500000066		-0.1174625		6.60999033286203e-14
0.506		-0.115946000000065		-0.115946		6.53782583626139e-14
0.507		-0.114426500000065		-0.1144265		6.46288578209919e-14
0.508		-0.112904000000064		-0.112904		6.39766017940246e-14
0.509		-0.111378500000063		-0.1113785		6.3352101342673e-14
0.51		-0.109850000000063		-0.10985		6.25888230132432e-14
0.511		-0.108318500000062		-0.1083185		6.18394224716212e-14
0.512		-0.106784000000061		-0.106784		6.11871664446539e-14
0.513		-0.10524650000006		-0.1052465		6.05349104176867e-14
0.514		-0.10370600000006		-0.103706		5.98410210272959e-14
0.515		-0.102162500000059		-0.1021625		5.91054982734818e-14
0.516		-0.100616000000058		-0.100616		5.83977310952832e-14
0.517		-0.0990665000000577		-0.0990664999999999		5.7745475068316e-14
0.518		-0.097514000000057		-0.097514		5.70099523145018e-14
0.519		-0.0959585000000563		-0.0959585		5.63021851363033e-14
0.52		-0.0944000000000556		-0.0944		5.56221735337203e-14
0.521		-0.0928385000000549		-0.0928384999999999		5.49560397189452e-14
0.522		-0.0912740000000542		-0.091274		5.41927613895155e-14
0.523		-0.0897065000000534		-0.0897065		5.340172748447e-14
0.524		-0.0881360000000527		-0.088136		5.26939603062715e-14
0.525		-0.0865625000000519		-0.0865624999999999		5.20000709158808e-14
0.526		-0.0849860000000512		-0.084986		5.12229147986432e-14
0.527		-0.0834065000000504		-0.0834065		5.04318808935977e-14
0.528		-0.0818240000000497		-0.081824		4.97102359275914e-14
0.529		-0.0802385000000489		-0.0802384999999999		4.89608353859694e-14
0.53		-0.0786500000000481		-0.0786499999999999		4.8169801480924e-14
0.531		-0.0770585000000474		-0.0770585		4.73787675758786e-14
0.532		-0.0754640000000466		-0.075464		4.66016114586409e-14
0.533		-0.0738665000000458		-0.0738664999999999		4.58244553414033e-14
0.534		-0.072266000000045		-0.0722659999999999		4.50195436485501e-14
0.535		-0.0706625000000441		-0.0706625		4.41868763800812e-14
0.536		-0.0690560000000433		-0.069056		4.3381964687228e-14
0.537		-0.0674465000000425		-0.0674464999999999		4.2632564145606e-14
0.538		-0.0658340000000417		-0.0658339999999999		4.17721413015215e-14
0.539		-0.0642185000000409		-0.0642185		4.09394740330526e-14
0.54		-0.0626000000000401		-0.0625999999999999		4.01484401280072e-14
0.541		-0.0609785000000393		-0.0609784999999999		3.93365895412501e-14
0.542		-0.0593540000000385		-0.059354		3.84900444849734e-14
0.543		-0.0577265000000376		-0.0577265		3.76712550043123e-14
0.544		-0.0560960000000368		-0.0560959999999999		3.68802210992669e-14
0.545		-0.054462500000036		-0.0544624999999999		3.60822483003176e-14
0.546		-0.0528260000000352		-0.0528259999999999		3.52565199257526e-14
0.547		-0.0511865000000344		-0.0511865		3.44099748694759e-14
0.548		-0.0495440000000336		-0.0495439999999999		3.36466965400462e-14
0.549		-0.0478985000000328		-0.0478984999999999		3.28556626350007e-14
0.55		-0.0462500000000319		-0.0462499999999999		3.20438120482436e-14
0.551		-0.0445985000000311		-0.0445984999999999		3.12042058858708e-14
0.552		-0.0429440000000303		-0.0429439999999999		3.03992941930176e-14
0.553		-0.0412865000000295		-0.0412864999999999		2.962213807578e-14
0.554		-0.0396260000000287		-0.0396259999999999		2.87755930195033e-14
0.555		-0.0379625000000279		-0.0379625		2.79498646449383e-14
0.556		-0.0362960000000271		-0.0362959999999999		2.7151891845989e-14
0.557		-0.0346265000000263		-0.0346264999999999		2.63886135165592e-14
0.558		-0.0329540000000255		-0.0329539999999999		2.55420684602825e-14
0.559		-0.0312785000000247		-0.0312784999999999		2.47302178735254e-14
0.56		-0.0296000000000239		-0.0295999999999999		2.39461228623838e-14
0.561		-0.027918500000023		-0.0279184999999999		2.31342722756267e-14
0.562		-0.0262340000000222		-0.0262339999999999		2.23016050071578e-14
0.563		-0.0245465000000214		-0.0245464999999999		2.14932238673526e-14
0.564		-0.0228560000000206		-0.0228559999999999		2.0716067750115e-14
0.565		-0.0211625000000198		-0.0211624999999999		1.99180949511657e-14
0.566		-0.019466000000019		-0.0194659999999999		1.90403248723214e-14
0.567		-0.0177665000000182		-0.0177664999999999		1.82458215203241e-14
0.568		-0.0160640000000173		-0.0160639999999999		1.74200931457591e-14
0.569		-0.0143585000000165		-0.0143584999999999		1.66273245172377e-14
0.57		-0.0126500000000157		-0.0126499999999999		1.58120044835286e-14
0.571		-0.0109385000000149		-0.0109384999999999		1.49689288742039e-14
0.572		-0.00922400000001405		-0.0092239999999999		1.41553435639707e-14
0.573		-0.00750650000001323		-0.00750649999999986		1.33686464676153e-14
0.574		-0.0057860000000124		-0.0057859999999999		1.25004173678889e-14
0.575		-0.00406250000001157		-0.00406249999999991		1.16608112055161e-14
0.576		-0.00233600000001074		-0.00233599999999989		1.08498279804969e-14
0.577		-0.000606500000009912		-0.000606500000000065		9.84694097094785e-15
0.578		0.00112599999999092		0.00112599999999996		9.03986087374964e-15
0.579		0.00286149999999175		0.00286149999999996		8.20654308397728e-15
0.58		0.00459999999999259		0.00459999999999994		7.34655392076178e-15
0.581		0.00634149999999343		0.00634149999999989		6.46011022453763e-15
0.582		0.00808599999999427		0.00808599999999993		5.65866797863634e-15
0.583		0.00983349999999511		0.00983349999999994		4.83120488059541e-15
0.584		0.011583999999996		0.0115839999999999		3.97598620693884e-15
0.585		0.0133374999999968		0.0133374999999999		3.0964814046186e-15
0.586		0.0150939999999976		0.0150939999999999		2.3037127760972e-15
0.587		0.0168534999999985		0.0168535		1.4883927423881e-15
0.588		0.0186159999999993		0.0186159999999999		5.30825383648903e-16
0.589		0.0203815000000002		0.0203814999999999		2.32452945780892e-16
0.59		0.022150000000001		0.02215		1.02001740387436e-15
0.591		0.0239215000000019		0.0239214999999999		1.94289029309402e-15
0.592		0.0256960000000027		0.0256959999999999		2.7824964554668e-15
0.593		0.0274735000000036		0.0274734999999999		3.6498581934552e-15
0.594		0.0292540000000044		0.029254		4.43048375764477e-15
0.595		0.0310375000000053		0.0310374999999999		5.34641775296052e-15
0.596		0.0328240000000061		0.032824		6.17561557447743e-15
0.597		0.034613500000007		0.0346135		7.02909952465802e-15
0.598		0.0364060000000079		0.0364059999999999		7.91727794435815e-15
0.599		0.0382015000000087		0.0382015		8.70831184940357e-15
0.6		0.0400000000000096		0.0399999999999999		9.65200142033495e-15
0.601		0.0418015000000104		0.0418014999999999		1.05124242644195e-14
0.602		0.0436060000000113		0.043606		1.12826414877532e-14
0.603		0.0454135000000122		0.0454135		1.2191636589165e-14
0.604		0.0472240000000131		0.0472239999999999		1.31283872661925e-14
0.605		0.0490375000000139		0.0490375		1.39749323224692e-14
0.606		0.0508540000000148		0.050854		1.48492329543615e-14
0.607		0.0526735000000157		0.0526734999999999		1.57582280557733e-14
0.608		0.0544960000000166		0.054496		1.65700786425305e-14
0.609		0.0563215000000174		0.0563215		1.74235625927111e-14
0.61		0.0581500000000183		0.05815		1.82909243306995e-14
0.611		0.0599815000000192		0.0599815		1.91929805382074e-14
0.612		0.0618160000000201		0.061816		2.0122792321331e-14
0.613		0.063653500000021		0.0636535		2.09554595897998e-14
0.614		0.0654940000000219		0.0654940000000001		2.18158824338843e-14
0.615		0.0673375000000228		0.0673374999999999		2.2815083156047e-14
0.616		0.0691840000000236		0.0691839999999999		2.37171393635549e-14
0.617		0.0710335000000245		0.0710335		2.45498066320238e-14
0.618		0.0728860000000254		0.072886		2.53963516883005e-14
0.619		0.0747415000000263		0.0747415		2.62845301080006e-14
0.62		0.0766000000000272		0.0766		2.72143418911241e-14
0.621		0.0784615000000281		0.0784615		2.81719092498633e-14
0.622		0.0803260000000291		0.080326		2.90462098817557e-14
0.623		0.08219350000003		0.0821935		2.99482660892636e-14
0.624		0.0840640000000309		0.0840639999999999		3.09891001748497e-14
0.625		0.0859375000000318		0.0859375		3.18217674433185e-14
0.626		0.0878140000000327		0.0878140000000001		3.26683124995952e-14
0.627		0.0896935000000336		0.0896935		3.36675132217579e-14
0.628		0.0915760000000346		0.091576		3.45834472170736e-14
0.629		0.0934615000000355		0.0934615		3.55132590001972e-14
0.63		0.0953500000000364		0.09535		3.63598040564739e-14
0.631		0.0972415000000373		0.0972415		3.73451269908287e-14
0.632		0.0991360000000383		0.099136		3.82610609861445e-14
0.633		0.101033500000039		0.1010335		3.92047505570758e-14
0.634		0.10293400000004		0.102934		4.00651734011603e-14
0.635		0.104837500000041		0.1048375		4.10504963355152e-14
0.636		0.106744000000042		0.106744		4.20774526332934e-14
0.637		0.108653500000043		0.1086535		4.28962421139545e-14
0.638		0.110566000000044		0.110566		4.38260538970781e-14
0.639		0.112481500000045		0.1124815		4.47836212558173e-14
0.64		0.114400000000046		0.1144		4.57689441901721e-14
0.641		0.116321500000047		0.1163215		4.65599780952175e-14
0.642		0.118246000000048		0.118246		4.74897898783411e-14
0.643		0.120173500000049		0.1201735		4.84612350248881e-14
0.644		0.122104000000049		0.122104		4.94604357470507e-14
0.645		0.12403750000005		0.1240375		5.03902475301743e-14
0.646		0.125974000000051		0.125974		5.13478148889135e-14
0.647		0.127913500000052		0.1279135		5.23470156110761e-14
0.648		0.129856000000053		0.129856		5.33739719088544e-14
0.649		0.131801500000054		0.1318015		5.43176614797858e-14
0.65		0.133750000000055		0.13375		5.52891066263328e-14
0.651		0.135701500000056		0.1357015		5.62605517728798e-14
0.652		0.137656000000057		0.137656		5.72875080706581e-14
0.653		0.139613500000058		0.1396135		5.82034420659738e-14
0.654		0.141574000000059		0.141574		5.91471316369052e-14
0.655		0.14353750000006		0.1435375		6.01185767834522e-14
0.656		0.145504000000061		0.145504		6.12010442324618e-14
0.657		0.147473500000062		0.1474735		6.20614670765463e-14
0.658		0.149446000000063		0.149446		6.30051566474776e-14
0.659		0.151421500000064		0.1514215		6.40043573696403e-14
0.66		0.153400000000065		0.1534		6.51145803942654e-14
0.661		0.155381500000066		0.1553815		6.60305143895812e-14
0.662		0.157366000000067		0.157366		6.70019595361282e-14
0.663		0.159353500000068		0.1593535		6.80844269851377e-14
0.664		0.161344000000069		0.161344		6.9111383282916e-14
0.665		0.16333750000007		0.1633375		7.01383395806943e-14
0.666		0.165334000000071		0.165334		7.11097847272413e-14
0.667		0.167333500000072		0.1673335		7.20812298737883e-14
0.668		0.169336000000073		0.169336		7.32192084740291e-14
0.669		0.171341500000074		0.1713415		7.42184091961917e-14
0.67		0.173350000000075		0.17335		7.51898543427387e-14
0.671		0.175361500000076		0.1753615		7.62723217917483e-14
0.672		0.177376000000077		0.177376		7.72992780895265e-14
0.673		0.179393500000078		0.1793935		7.83262343873048e-14
0.674		0.181414000000079		0.181414		7.93531906850831e-14
0.675		0.18343750000008		0.1834375		8.03246358316301e-14
0.676		0.185464000000082		0.185464		8.14348588562552e-14
0.677		0.187493500000083		0.1874935		8.24895707296491e-14
0.678		0.189526000000084		0.189526		8.3544282603043e-14
0.679		0.191561500000085		0.1915615		8.46545056276682e-14
0.68		0.193600000000086		0.1936		8.56537063498308e-14
0.681		0.195641500000087		0.1956415		8.66806626476091e-14
0.682		0.197686000000088		0.197686		8.7735374521003e-14
0.683		0.199733500000089		0.1997335		8.870681966755e-14
0.684		0.20178400000009		0.201784		8.99280649946377e-14
0.685		0.203837500000091		0.2038375		9.09272657168003e-14
0.686		0.205894000000092		0.205894		9.19819775901942e-14
0.687		0.207953500000093		0.2079535		9.31477117660506e-14
0.688		0.210016000000094		0.210016		9.41191569125976e-14
0.689		0.212081500000095		0.2120815		9.51183576347603e-14
0.69		0.214150000000096		0.21415		9.62008250837698e-14
0.691		0.216221500000097		0.2162215		9.7311048108395e-14
0.692		0.218296000000099		0.218296		9.85322934354826e-14
0.693		0.2203735000001		0.2203735		9.95314941576453e-14
0.694		0.222454000000101		0.222454		1.00586206031039e-13
0.695		0.224537500000102		0.2245375		1.01807451358127e-13
0.696		0.226624000000103		0.226624		1.02945429958368e-13
0.697		0.228713500000104		0.2287135		1.04000141831762e-13
0.698		0.230806000000105		0.230806		1.05110364856387e-13
0.699		0.232901500000106		0.2329015		1.06248343456627e-13
0.7		0.235000000000108		0.235		1.07552855510562e-13
0.701		0.237101500000109		0.2371015		1.08690834110803e-13
0.702		0.23920600000011		0.239206		1.09967590589122e-13
0.703		0.241313500000111		0.2413135		1.11244347067441e-13
0.704		0.243424000000113		0.243424		1.12604370272607e-13
0.705		0.245537500000114		0.2455375		1.13992149053388e-13
0.706		0.247654000000115		0.247654		1.15157883229244e-13
0.707		0.249773500000116		0.2497735		1.16406884131948e-13
0.708		0.251896000000118		0.251896		1.17961196366423e-13
0.709		0.254021500000119		0.2540215		1.19182441693511e-13
0.71		0.25615000000012		0.25615		1.20514709323061e-13
0.711		0.258281500000122		0.2582815		1.2179146580138e-13
0.712		0.260416000000123		0.260416		1.23068222279699e-13
0.713		0.262553500000124		0.2625535		1.2445600106048e-13
0.714		0.264694000000126		0.264694		1.25732757538799e-13
0.715		0.266837500000127		0.2668375		1.27176047470812e-13
0.716		0.268984000000129		0.268984		1.28619337402824e-13
0.717		0.27113350000013		0.2711335		1.30007116183606e-13
0.718		0.273286000000131		0.273286		1.31339383813156e-13
0.719		0.275441500000133		0.2754415		1.32505117989012e-13
0.72		0.277600000000134		0.2776		1.337263633161e-13
0.721		0.279761500000135		0.2797615		1.35169653248113e-13
0.722		0.281926000000136		0.281926		1.36501920877663e-13
0.723		0.284093500000138		0.2840935		1.37723166204751e-13
0.724		0.286264000000139		0.286264		1.39221967287995e-13
0.725		0.28843750000014		0.2884375		1.40443212615082e-13
0.726		0.290614000000142		0.290614		1.4166445794217e-13
0.727		0.292793500000143		0.2927935		1.42830192118026e-13
0.728		0.294976000000144		0.294976		1.44162459747577e-13
0.729		0.297161500000145		0.2971615		1.45494727377127e-13
0.73		0.299350000000147		0.29935		1.46771483855446e-13
0.731		0.301541500000148		0.3015415		1.47992729182533e-13
0.732		0.303736000000149		0.303736		1.49324996812084e-13
0.733		0.305933500000151		0.3059335		1.50601753290402e-13
0.734		0.308134000000152		0.308134		1.5182299861749e-13
0.735		0.310337500000153		0.3103375		1.5315526624704e-13
0.736		0.312544000000155		0.312544		1.54487533876591e-13
0.737		0.314753500000156		0.3147535		1.55986334959834e-13
0.738		0.316966000000157		0.316966		1.57318602589385e-13
0.739		0.319181500000159		0.3191815		1.58650870218935e-13
0.74		0.32140000000016		0.3214		1.60038648999716e-13
0.741		0.323621500000161		0.3236215		1.61426427780498e-13
0.742		0.325846000000163		0.325846		1.62703184258817e-13
0.743		0.328073500000164		0.3280735		1.64035451888367e-13
0.744		0.330304000000165		0.330304		1.65367719517917e-13
0.745		0.332537500000167		0.3325375		1.6681100944993e-13
0.746		0.334774000000168		0.334774		1.67976743625786e-13
0.747		0.337013500000169		0.3370135		1.69197988952874e-13
0.748		0.339256000000171		0.339256		1.70696790036118e-13
0.749		0.341501500000172		0.3415015		1.72029057665668e-13
0.75		0.343750000000173		0.34375		1.73305814143987e-13
0.751		0.346001500000175		0.3460015		1.74582570622306e-13
0.752		0.348256000000176		0.348256		1.75970349403087e-13
0.753		0.350513500000178		0.3505135		1.77580172788794e-13
0.754		0.352774000000179		0.352774		1.78912440418344e-13
0.755		0.35503750000018		0.3550375		1.80300219199125e-13
0.756		0.357304000000182		0.357304		1.81743509131138e-13
0.757		0.359573500000183		0.3595735		1.8313128791192e-13
0.758		0.361846000000185		0.361846		1.84519066692701e-13
0.759		0.364121500000186		0.3641215		1.85851334322251e-13
0.76		0.366400000000187		0.3664		1.87294624254264e-13
0.761		0.368681500000189		0.3686815		1.88737914186277e-13
0.762		0.37096600000019		0.370966		1.90125692967058e-13
0.763		0.373253500000192		0.3732535		1.91568982899071e-13
0.764		0.375544000000193		0.375544		1.93067783982315e-13
0.765		0.377837500000195		0.3778375		1.9462209621679e-13
0.766		0.380134000000196		0.380134		1.9595436384634e-13
0.767		0.382433500000198		0.3824335		1.97453164929584e-13
0.768		0.384736000000199		0.384736		1.98896454861597e-13
0.769		0.3870415000002		0.3870415		2.00339744793609e-13
0.77		0.389350000000202		0.38935		2.0167201242316e-13
0.771		0.391661500000203		0.3916615		2.03059791203941e-13
0.772		0.393976000000205		0.393976		2.04558592287185e-13
0.773		0.396293500000206		0.3962935		2.06001882219198e-13
0.774		0.398614000000207		0.398614		2.07334149848748e-13
0.775		0.400937500000209		0.4009375		2.08666417478298e-13
0.776		0.40326400000021		0.403264		2.09887662805386e-13
0.777		0.405593500000211		0.4055935		2.11275441586167e-13
0.778		0.407926000000213		0.407926		2.12552198064486e-13
0.779		0.410261500000214		0.4102615		2.13828954542805e-13
0.78		0.412600000000215		0.4126		2.15216733323587e-13
0.781		0.414941500000216		0.4149415		2.16326956348212e-13
0.782		0.417286000000218		0.417286		2.17714735128993e-13
0.783		0.419633500000219		0.4196335		2.18991491607312e-13
0.784		0.42198400000022		0.421984		2.20268248085631e-13
0.785		0.424337500000222		0.4243375		2.21767049168875e-13
0.786		0.426694000000223		0.426694		2.23043805647194e-13
0.787		0.429053500000225		0.4290535		2.24431584427975e-13
0.788		0.431416000000226		0.431416		2.25930385511219e-13
0.789		0.433781500000227		0.4337815		2.27318164292001e-13
0.79		0.436150000000229		0.43615		2.28650431921551e-13
0.791		0.43852150000023		0.4385215		2.2992718839987e-13
0.792		0.440896000000231		0.440896		2.3125945602942e-13
0.793		0.443273500000233		0.4432735		2.32702745961433e-13
0.794		0.445654000000234		0.445654		2.34035013590983e-13
0.795		0.448037500000236		0.4480375		2.35422792371764e-13
0.796		0.450424000000237		0.450424		2.36921593455008e-13
0.797		0.452813500000238		0.4528135		2.3830937223579e-13
0.798		0.45520600000024		0.455206		2.39752662167803e-13
0.799		0.457601500000241		0.4576015		2.41251463251047e-13
0.8		0.460000000000243		0.46		2.42694753183059e-13
0.801		0.462401500000244		0.4624015		2.44304576568766e-13
0.802		0.464806000000246		0.464806		2.45692355349547e-13
0.803		0.467213500000247		0.4672135		2.47191156432791e-13
0.804		0.469624000000249		0.469624		2.48800979818498e-13
0.805		0.47203750000025		0.4720375		2.5024426975051e-13
0.806		0.474454000000252		0.474454		2.51632048531292e-13
0.807		0.476873500000253		0.4768735		2.53075338463304e-13
0.808		0.479296000000255		0.479296		2.54574139546548e-13
0.809		0.481721500000256		0.4817215		2.56072940629792e-13
0.81		0.484150000000258		0.48415		2.57571741713036e-13
0.811		0.486581500000259		0.4865815		2.58848498191355e-13
0.812		0.489016000000261		0.489016		2.60513832728293e-13
0.813		0.491453500000262		0.4914535		2.61735078055381e-13
0.814		0.493894000000263		0.493894		2.630118345337e-13
0.815		0.496337500000264		0.4963375		2.64288591012019e-13
0.816		0.498784000000266		0.498784		2.65509836339106e-13
0.817		0.501233500000267		0.5012335		2.6700863742235e-13
0.818		0.503686000000268		0.503686		2.683409050519e-13
0.819		0.50614150000027		0.5061415		2.69451128076525e-13
0.82		0.508600000000271		0.5086		2.70783395706076e-13
0.821		0.511061500000272		0.5110615		2.72115663335626e-13
0.822		0.513526000000273		0.513526		2.73225886360251e-13
0.823		0.515993500000275		0.5159935		2.74336109384876e-13
0.824		0.518464000000276		0.518464		2.75557354711964e-13
0.825		0.520937500000277		0.5209375		2.76889622341514e-13
0.826		0.523414000000278		0.523414		2.77888823063677e-13
0.827		0.525893500000279		0.5258935		2.79110068390764e-13
0.828		0.528376000000281		0.528376		2.80442336020315e-13
0.829		0.530861500000282		0.5308615		2.81663581347402e-13
0.83		0.533350000000283		0.53335		2.8288482667449e-13
0.831		0.535841500000285		0.5358415		2.8421709430404e-13
0.832		0.538336000000286		0.538336		2.8554936193359e-13
0.833		0.540833500000287		0.5408335		2.87547763377916e-13
0.834		0.543334000000289		0.543334		2.88880031007466e-13
0.835		0.54583750000029		0.5458375		2.90101276334553e-13
0.836		0.548344000000291		0.548344		2.91544566266566e-13
0.837		0.550853500000293		0.5508535		2.92654789291191e-13
0.838		0.553366000000294		0.553366		2.94209101525666e-13
0.839		0.555881500000295		0.5558815		2.95319324550292e-13
0.84		0.558400000000296		0.5584		2.96429547574917e-13
0.841		0.560921500000298		0.5609215		2.97650792902004e-13
0.842		0.563446000000299		0.563446		2.98649993624167e-13
0.843		0.5659735000003		0.5659735		2.9964919434633e-13
0.844		0.568504000000301		0.568504		3.00759417370955e-13
0.845		0.571037500000302		0.5710375		3.01536573488193e-13
0.846		0.573574000000302		0.573574		3.02646796512818e-13
0.847		0.576113500000303		0.5761135		3.03423952630055e-13
0.848		0.578656000000304		0.578656		3.04312131049755e-13
0.849		0.581201500000305		0.5812015		3.05422354074381e-13
0.85		0.583750000000306		0.58375		3.06310532494081e-13
0.851		0.586301500000307		0.5863015		3.07309733216243e-13
0.852		0.588856000000308		0.588856		3.08308933938406e-13
0.853		0.591413500000309		0.5914135		3.09419156963031e-13
0.854		0.593974000000311		0.593974		3.10529379987656e-13
0.855		0.596537500000312		0.5965375		3.11750625314744e-13
0.856		0.599104000000313		0.599104		3.12749826036907e-13
0.857		0.601673500000314		0.6016735		3.13971071363994e-13
0.858		0.604246000000315		0.604246		3.15081294388619e-13
0.859		0.606821500000316		0.6068215		3.16191517413245e-13
0.86		0.609400000000317		0.6094		3.17190718135407e-13
0.861		0.611981500000318		0.6119815		3.1818991885757e-13
0.862		0.614566000000319		0.614566		3.19300141882195e-13
0.863		0.61715350000032		0.6171535		3.20521387209283e-13
0.864		0.619744000000322		0.619744		3.21520587931445e-13
0.865		0.622337500000323		0.6223375		3.2263081095607e-13
0.866		0.624934000000324		0.624934		3.23852056283158e-13
0.867		0.627533500000325		0.6275335		3.24740234702858e-13
0.868		0.630136000000326		0.630136		3.25628413122558e-13
0.869		0.632741500000327		0.6327415		3.26738636147184e-13
0.87		0.635350000000328		0.63535		3.28070903776734e-13
0.871		0.637961500000329		0.6379615		3.29070104498896e-13
0.872		0.64057600000033		0.640576		3.29958282918597e-13
0.873		0.643193500000331		0.6431935		3.31068505943222e-13
0.874		0.645814000000332		0.645814		3.32289751270309e-13
0.875		0.648437500000333		0.6484375		3.33177929690009e-13
0.876		0.651064000000334		0.651064		3.34177130412172e-13
0.877		0.653693500000335		0.6536935		3.35065308831872e-13
0.878		0.656326000000336		0.656326		3.36175531856497e-13
0.879		0.658961500000337		0.6589615		3.3717473257866e-13
0.88		0.661600000000338		0.6616		3.3806291099836e-13
0.881		0.664241500000339		0.6642415		3.3895108941806e-13
0.882		0.66688600000034		0.666886		3.3983926783776e-13
0.883		0.669533500000341		0.6695335		3.40505401652536e-13
0.884		0.672184000000341		0.672184		3.41171535467311e-13
0.885		0.674837500000342		0.6748375		3.41948691584548e-13
0.886		0.677494000000343		0.677494		3.42836870004248e-13
0.887		0.680153500000344		0.6801535		3.43614026121486e-13
0.888		0.682816000000344		0.682816		3.44391182238724e-13
0.889		0.685481500000345		0.6854815		3.45612427565811e-13
0.89		0.688150000000346		0.68815		3.46389583683049e-13
0.891		0.690821500000348		0.6908215		3.47610829010137e-13
0.892		0.693496000000349		0.693496		3.48499007429837e-13
0.893		0.696173500000349		0.6961735		3.49276163547074e-13
0.894		0.69885400000035		0.698854		3.50275364269237e-13
0.895		0.701537500000351		0.7015375		3.512745649914e-13
0.896		0.704224000000352		0.704224		3.521627434111e-13
0.897		0.706913500000353		0.7069135		3.53161944133262e-13
0.898		0.709606000000354		0.709606		3.53828077948037e-13
0.899		0.712301500000355		0.7123015		3.5438318946035e-13
0.9		0.715000000000355		0.715		3.55049323275125e-13
0.901		0.717701500000356		0.7177015		3.55604434787438e-13
0.902		0.720406000000357		0.720406		3.56492613207138e-13
0.903		0.723113500000357		0.7231135		3.57158747021913e-13
0.904		0.725824000000358		0.725824		3.57602836231763e-13
0.905		0.728537500000358		0.7285375		3.58157947744075e-13
0.906		0.731254000000359		0.731254		3.58713059256388e-13
0.907		0.733973500000359		0.7339735		3.59157148466238e-13
0.908		0.73669600000036		0.736696		3.59379193071163e-13
0.909		0.73942150000036		0.7394215		3.59823282281013e-13
0.91		0.74215000000036		0.74215		3.60045326885938e-13
0.911		0.74488150000036		0.7448815		3.60267371490863e-13
0.912		0.747616000000361		0.747616		3.60711460700713e-13
0.913		0.750353500000361		0.7503535		3.61155549910563e-13
0.914		0.753094000000361		0.753094		3.61266572213026e-13
0.915		0.755837500000362		0.7558375		3.61488616817951e-13
0.916		0.758584000000362		0.758584		3.61488616817951e-13
0.917		0.761333500000362		0.7613335		3.61599639120413e-13
0.918		0.764086000000362		0.764086		3.61599639120413e-13
0.919		0.766841500000361		0.7668415		3.61266572213026e-13
0.92		0.769600000000361		0.7696		3.61266572213026e-13
0.921		0.772361500000361		0.7723615		3.61377594515488e-13
0.922		0.775126000000361		0.775126		3.61155549910563e-13
0.923		0.777893500000361		0.7778935		3.61044527608101e-13
0.924		0.780664000000361		0.780664		3.60600438398251e-13
0.925		0.783437500000361		0.7834375		3.60378393793326e-13
0.926		0.78621400000036		0.786214		3.60378393793326e-13
0.927		0.78899350000036		0.7889935		3.59934304583476e-13
0.928		0.79177600000036		0.791776		3.59379193071163e-13
0.929		0.794561500000359		0.7945615		3.59157148466238e-13
0.93		0.797350000000359		0.79735		3.58602036953926e-13
0.931		0.800141500000358		0.8001415		3.58157947744075e-13
0.932		0.802936000000358		0.802936		3.57713858534225e-13
0.933		0.805733500000357		0.8057335		3.56936702416988e-13
0.934		0.808534000000357		0.808534		3.56825680114525e-13
0.935		0.811337500000357		0.8113375		3.56492613207138e-13
0.936		0.814144000000356		0.814144		3.55937501694825e-13
0.937		0.816953500000356		0.8169535		3.55493412484975e-13
0.938		0.819766000000355		0.819766		3.55160345577588e-13
0.939		0.822581500000355		0.8225815		3.548272786702e-13
0.94		0.825400000000355		0.8254		3.54494211762812e-13
0.941		0.828221500000354		0.8282215		3.54161144855425e-13
0.942		0.831046000000354		0.831046		3.53828077948037e-13
0.943		0.833873500000354		0.8338735		3.53606033343112e-13
0.944		0.836704000000354		0.836704		3.53272966435725e-13
0.945		0.839537500000353		0.8395375		3.53161944133262e-13
0.946		0.842374000000353		0.842374		3.52495810318487e-13
0.947		0.845213500000352		0.8452135		3.51829676503712e-13
0.948		0.848056000000351		0.848056		3.512745649914e-13
0.949		0.850901500000351		0.8509015		3.50497408874162e-13
0.95		0.85375000000035		0.85375		3.49720252756924e-13
0.951		0.856601500000349		0.8566015		3.48943096639687e-13
0.952		0.859456000000348		0.859456		3.48054918219987e-13
0.953		0.862313500000348		0.8623135		3.47388784405211e-13
0.954		0.865174000000347		0.865174		3.46833672892899e-13
0.955		0.868037500000346		0.8680375		3.46056516775661e-13
0.956		0.870904000000346		0.870904		3.45390382960886e-13
0.957		0.873773500000345		0.8737735		3.44835271448574e-13
0.958		0.876646000000345		0.876646		3.44391182238724e-13
0.959		0.879521500000344		0.8795215		3.43836070726411e-13
0.96		0.882400000000344		0.8824		3.43725048423948e-13
0.961		0.885281500000343		0.8852815		3.42725847701786e-13
0.962		0.888166000000342		0.888166		3.41948691584548e-13
0.963		0.891053500000341		0.8910535		3.41171535467311e-13
0.964		0.89394400000034		0.893944		3.4028335704761e-13
0.965		0.896837500000339		0.8968375		3.3895108941806e-13
0.966		0.899734000000338		0.899734		3.3806291099836e-13
0.967		0.902633500000337		0.9026335		3.3673064336881e-13
0.968		0.905536000000335		0.905536		3.3539837573926e-13
0.969		0.908441500000334		0.9084415		3.3406610810971e-13
0.97		0.911350000000333		0.91135		3.32622818177697e-13
0.971		0.914261500000331		0.9142615		3.31623617455534e-13
0.972		0.91717600000033		0.917176		3.29958282918597e-13
0.973		0.920093500000328		0.9200935		3.28514992986584e-13
0.974		0.923014000000327		0.923014		3.26849658449646e-13
0.975		0.925937500000325		0.9259375		3.24851257005321e-13
0.976		0.928864000000323		0.928864		3.22963877863458e-13
0.977		0.931793500000321		0.9317935		3.20965476419133e-13
0.978		0.934726000000319		0.934726		3.18856052672345e-13
0.979		0.937661500000317		0.9376615		3.16635606623095e-13
0.98		0.940600000000314		0.9406		3.13971071363994e-13
0.981		0.943541500000311		0.9435415		3.10973469197506e-13
0.982		0.946486000000308		0.946486		3.08197911635943e-13
0.983		0.949433500000305		0.9494335		3.05200309469456e-13
0.984		0.952384000000302		0.952384		3.01758618093118e-13
0.985		0.955337500000298		0.9553375		2.97983859809392e-13
0.986		0.958294000000294		0.958294		2.93876034618279e-13
0.987		0.96125350000029		0.9612535		2.89546164822241e-13
0.988		0.964216000000285		0.964216		2.8510527272374e-13
0.989		0.96718150000028		0.9671815		2.80109269112927e-13
0.99		0.970150000000274		0.97015		2.74558153989801e-13
0.991		0.973121500000268		0.9731215		2.68118860446975e-13
0.992		0.976096000000261		0.976096		2.60902410786912e-13
0.993		0.979073500000253		0.9790735		2.53130849614536e-13
0.994		0.982054000000243		0.982054		2.43249864695372e-13
0.995		0.985037500000232		0.9850375		2.32036612146658e-13
0.996		0.988024000000218		0.988024		2.17936779733918e-13
0.997		0.9910135000002		0.9910135		1.99729122130066e-13
0.998		0.994006000000174		0.994006		1.73971947958762e-13
0.999		0.997001500000131		0.9970015		1.30673249998381e-13
1		1		1		0
