# x      Y       Yex     err
0		0		0		0
0.001		0.000999999999999894		0.001		1.05818132034585e-16
0.002		0.00199999999999979		0.002		2.1163626406917e-16
0.003		0.00299999999999968		0.003		3.17454396103756e-16
0.004		0.00399999999999958		0.004		4.22405166400353e-16
0.005		0.00499999999999947		0.005		5.26488574958961e-16
0.006		0.00599999999999937		0.006		6.31439345255558e-16
0.007		0.00699999999999926		0.007		7.36390115552155e-16
0.008		0.00799999999999916		0.008		8.39606162372775e-16
0.009		0.00899999999999906		0.009		9.43689570931383e-16
0.01		0.00999999999999896		0.01		1.04430353253804e-15
0.011		0.0109999999999989		0.011		1.14665221762067e-15
0.012		0.0119999999999988		0.012		1.2490009027033e-15
0.013		0.0129999999999986		0.013		1.35308431126191e-15
0.014		0.0139999999999985		0.014		1.45543299634454e-15
0.015		0.0149999999999984		0.015		1.5560469579512e-15
0.016		0.0159999999999983		0.016		1.65492619608187e-15
0.017		0.0169999999999982		0.017		1.75207071073658e-15
0.018		0.0179999999999982		0.018		1.84921522539128e-15
0.019		0.0189999999999981		0.019		1.94635974004598e-15
0.02		0.019999999999998		0.02		2.04697370165263e-15
0.021		0.0209999999999979		0.021		2.15105711021124e-15
0.022		0.0219999999999978		0.022		2.24820162486594e-15
0.023		0.0229999999999976		0.023		2.35228503342455e-15
0.024		0.0239999999999975		0.024		2.45636844198316e-15
0.025		0.0249999999999974		0.025		2.55698240358981e-15
0.026		0.0259999999999973		0.026		2.66106581214842e-15
0.027		0.0269999999999972		0.027		2.76167977375508e-15
0.028		0.0279999999999971		0.028		2.86923262926564e-15
0.029		0.028999999999997		0.029		2.9767854847762e-15
0.03		0.0299999999999969		0.03		3.08433834028676e-15
0.031		0.0309999999999968		0.031		3.18842174884537e-15
0.032		0.0319999999999967		0.032		3.29597460435593e-15
0.033		0.0329999999999966		0.033		3.40005801291454e-15
0.034		0.0339999999999965		0.034		3.51108031537706e-15
0.035		0.0349999999999964		0.035		3.61516372393567e-15
0.036		0.0359999999999963		0.036		3.72618602639818e-15
0.037		0.0369999999999962		0.037		3.83026943495679e-15
0.038		0.0379999999999961		0.038		3.9343528435154e-15
0.039		0.038999999999996		0.039		4.04537514597791e-15
0.04		0.0399999999999959		0.04		4.14945855453652e-15
0.041		0.0409999999999957		0.041		4.25354196309513e-15
0.042		0.0419999999999956		0.042		4.35762537165374e-15
0.043		0.0429999999999955		0.043		4.45476988630844e-15
0.044		0.0439999999999955		0.044		4.54497550705923e-15
0.045		0.0449999999999953		0.045		4.64905891561784e-15
0.046		0.0459999999999952		0.046		4.75314232417645e-15
0.047		0.0469999999999951		0.047		4.85028683883115e-15
0.048		0.0479999999999951		0.048		4.94049245958195e-15
0.049		0.048999999999995		0.049		5.03763697423665e-15
0.05		0.0499999999999949		0.05		5.12784259498744e-15
0.051		0.0509999999999948		0.051		5.21804821573824e-15
0.052		0.0519999999999947		0.052		5.30131494258512e-15
0.053		0.0529999999999946		0.053		5.39152056333592e-15
0.054		0.0539999999999945		0.054		5.48866507799062e-15
0.055		0.0549999999999944		0.055		5.58580959264532e-15
0.056		0.0559999999999943		0.056		5.68989300120393e-15
0.057		0.0569999999999942		0.057		5.79397640976254e-15
0.058		0.0579999999999941		0.058		5.89805981832114e-15
0.059		0.058999999999994		0.059		5.99520433297585e-15
0.06		0.0599999999999939		0.06		6.08540995372664e-15
0.061		0.0609999999999938		0.061		6.18255446838134e-15
0.062		0.0619999999999937		0.062		6.27969898303604e-15
0.063		0.0629999999999936		0.063		6.38378239159465e-15
0.064		0.0639999999999935		0.064		6.49480469405717e-15
0.065		0.0649999999999934		0.065		6.60582699651968e-15
0.066		0.0659999999999933		0.066		6.7168492989822e-15
0.067		0.0669999999999932		0.067		6.82787160144471e-15
0.068		0.0679999999999931		0.068		6.95277169171504e-15
0.069		0.0689999999999929		0.069		7.06379399417756e-15
0.07		0.0699999999999928		0.07		7.17481629664007e-15
0.071		0.0709999999999927		0.071		7.27196081129478e-15
0.072		0.0719999999999926		0.072		7.38298311375729e-15
0.073		0.0729999999999925		0.073		7.48012762841199e-15
0.074		0.0739999999999924		0.074		7.59114993087451e-15
0.075		0.0749999999999923		0.075		7.70217223333702e-15
0.076		0.0759999999999922		0.076		7.79931674799172e-15
0.077		0.0769999999999921		0.077		7.91033905045424e-15
0.078		0.077999999999992		0.078		8.00748356510894e-15
0.079		0.0789999999999919		0.079		8.11850586757146e-15
0.08		0.0799999999999918		0.08		8.24340595784179e-15
0.081		0.0809999999999917		0.081		8.34055047249649e-15
0.082		0.0819999999999916		0.082		8.42381719934338e-15
0.083		0.0829999999999915		0.083		8.52096171399808e-15
0.084		0.0839999999999914		0.084		8.60422844084496e-15
0.085		0.0849999999999913		0.085		8.70137295549966e-15
0.086		0.0859999999999912		0.086		8.81239525796218e-15
0.087		0.0869999999999911		0.087		8.9234175604247e-15
0.088		0.087999999999991		0.088		9.00668428727158e-15
0.089		0.0889999999999909		0.089		9.10382880192628e-15
0.09		0.0899999999999908		0.09		9.20097331658098e-15
0.091		0.0909999999999907		0.091		9.29811783123569e-15
0.092		0.0919999999999906		0.092		9.39526234589039e-15
0.093		0.0929999999999905		0.093		9.47852907273727e-15
0.094		0.0939999999999905		0.094		9.54791801177635e-15
0.095		0.0949999999999904		0.095		9.61730695081542e-15
0.096		0.0959999999999903		0.096		9.68669588985449e-15
0.097		0.0969999999999902		0.097		9.76996261670138e-15
0.098		0.0979999999999902		0.098		9.83935155574045e-15
0.099		0.0989999999999901		0.099		9.89486270697171e-15
0.1		0.0999999999999901		0.1		9.95037385820297e-15
0.101		0.10099999999999		0.101		1.0019762797242e-14
0.102		0.10199999999999		0.102		1.00752739484733e-14
0.103		0.10299999999999		0.103		1.01307850997046e-14
0.104		0.10399999999999		0.104		1.01862962509358e-14
0.105		0.10499999999999		0.105		1.02279296143593e-14
0.106		0.10599999999999		0.106		1.02834407655905e-14
0.107		0.10699999999999		0.107		1.0325074129014e-14
0.108		0.10799999999999		0.108		1.03805852802452e-14
0.109		0.10899999999999		0.109		1.04222186436687e-14
0.11		0.10999999999999		0.11		1.04777297948999e-14
0.111		0.110999999999989		0.111		1.0547118733939e-14
0.112		0.111999999999989		0.112		1.06165076729781e-14
0.113		0.112999999999989		0.113		1.06858966120171e-14
0.114		0.113999999999989		0.114		1.07552855510562e-14
0.115		0.114999999999989		0.115		1.08385522779031e-14
0.116		0.115999999999989		0.116		1.09079412169422e-14
0.117		0.116999999999989		0.117		1.09773301559812e-14
0.118		0.117999999999989		0.118		1.10328413072125e-14
0.119		0.118999999999989		0.119		1.11022302462516e-14
0.12		0.119999999999989		0.12		1.11716191852906e-14
0.121		0.120999999999989		0.121		1.12548859121375e-14
0.122		0.121999999999989		0.122		1.13381526389844e-14
0.123		0.122999999999989		0.123		1.14352971536391e-14
0.124		0.123999999999988		0.124		1.15324416682938e-14
0.125		0.124999999999988		0.125		1.16295861829485e-14
0.126		0.125999999999988		0.126		1.17128529097954e-14
0.127		0.126999999999988		0.127		1.17961196366423e-14
0.128		0.127999999999988		0.128		1.19071419391048e-14
0.129		0.128999999999988		0.129		1.20181642415673e-14
0.13		0.129999999999988		0.13		1.21569421196455e-14
0.131		0.130999999999988		0.131		1.22957199977236e-14
0.132		0.131999999999988		0.132		1.24344978758018e-14
0.133		0.132999999999987		0.133		1.25455201782643e-14
0.134		0.133999999999987		0.134		1.26565424807268e-14
0.135		0.134999999999987		0.135		1.27675647831893e-14
0.136		0.135999999999987		0.136		1.28785870856518e-14
0.137		0.136999999999987		0.137		1.29896093881143e-14
0.138		0.137999999999987		0.138		1.30728761149612e-14
0.139		0.138999999999987		0.139		1.31561428418081e-14
0.14		0.139999999999987		0.14		1.32671651442706e-14
0.141		0.140999999999987		0.141		1.33781874467331e-14
0.142		0.141999999999987		0.142		1.34892097491957e-14
0.143		0.142999999999986		0.143		1.36002320516582e-14
0.144		0.143999999999986		0.144		1.37112543541207e-14
0.145		0.144999999999986		0.145		1.37945210809676e-14
0.146		0.145999999999986		0.146		1.38777878078145e-14
0.147		0.146999999999986		0.147		1.39332989590457e-14
0.148		0.147999999999986		0.148		1.3988810110277e-14
0.149		0.148999999999986		0.149		1.40720768371239e-14
0.15		0.149999999999986		0.15		1.40998324127395e-14
0.151		0.150999999999986		0.151		1.41553435639707e-14
0.152		0.151999999999986		0.152		1.42386102908176e-14
0.153		0.152999999999986		0.153		1.43496325932801e-14
0.154		0.153999999999986		0.154		1.4432899320127e-14
0.155		0.154999999999985		0.155		1.45439216225896e-14
0.156		0.155999999999985		0.156		1.46271883494364e-14
0.157		0.156999999999985		0.157		1.47104550762833e-14
0.158		0.157999999999985		0.158		1.47937218031302e-14
0.159		0.158999999999985		0.159		1.48769885299771e-14
0.16		0.159999999999985		0.16		1.4960255256824e-14
0.161		0.160999999999985		0.161		1.50435219836709e-14
0.162		0.161999999999985		0.162		1.51545442861334e-14
0.163		0.162999999999985		0.163		1.52655665885959e-14
0.164		0.163999999999985		0.164		1.53765888910584e-14
0.165		0.164999999999984		0.165		1.55153667691366e-14
0.166		0.165999999999984		0.166		1.56541446472147e-14
0.167		0.166999999999984		0.167		1.57929225252929e-14
0.168		0.167999999999984		0.168		1.5931700403371e-14
0.169		0.168999999999984		0.169		1.60427227058335e-14
0.17		0.169999999999984		0.17		1.61259894326804e-14
0.171		0.170999999999984		0.171		1.62092561595273e-14
0.172		0.171999999999984		0.172		1.63202784619898e-14
0.173		0.172999999999984		0.173		1.64313007644523e-14
0.174		0.173999999999983		0.174		1.65423230669148e-14
0.175		0.174999999999983		0.175		1.6681100944993e-14
0.176		0.175999999999983		0.176		1.67921232474555e-14
0.177		0.176999999999983		0.177		1.69309011255336e-14
0.178		0.177999999999983		0.178		1.70696790036118e-14
0.179		0.178999999999983		0.179		1.72084568816899e-14
0.18		0.179999999999983		0.18		1.73472347597681e-14
0.181		0.180999999999983		0.181		1.74860126378462e-14
0.182		0.181999999999982		0.182		1.76247905159244e-14
0.183		0.182999999999982		0.183		1.77635683940025e-14
0.184		0.183999999999982		0.184		1.7874590696465e-14
0.185		0.184999999999982		0.185		1.79856129989275e-14
0.186		0.185999999999982		0.186		1.80966353013901e-14
0.187		0.186999999999982		0.187		1.82076576038526e-14
0.188		0.187999999999982		0.188		1.83464354819307e-14
0.189		0.188999999999981		0.189		1.85129689356245e-14
0.19		0.189999999999981		0.19		1.87072579649339e-14
0.191		0.190999999999981		0.191		1.89015469942433e-14
0.192		0.191999999999981		0.192		1.90680804479371e-14
0.193		0.192999999999981		0.193		1.92068583260152e-14
0.194		0.193999999999981		0.194		1.93456362040934e-14
0.195		0.194999999999981		0.195		1.94844140821715e-14
0.196		0.19599999999998		0.196		1.96231919602496e-14
0.197		0.19699999999998		0.197		1.97897254139434e-14
0.198		0.19799999999998		0.198		1.99562588676372e-14
0.199		0.19899999999998		0.199		2.0122792321331e-14
0.2		0.19999999999998		0.2		2.02893257750247e-14
0.201		0.20099999999998		0.201		2.04281036531029e-14
0.202		0.201999999999979		0.202		2.0566881531181e-14
0.203		0.202999999999979		0.203		2.07334149848748e-14
0.204		0.203999999999979		0.204		2.08721928629529e-14
0.205		0.204999999999979		0.205		2.10387263166467e-14
0.206		0.205999999999979		0.206		2.12052597703405e-14
0.207		0.206999999999979		0.207		2.13717932240343e-14
0.208		0.207999999999978		0.208		2.1538326677728e-14
0.209		0.208999999999978		0.209		2.16493489801906e-14
0.21		0.209999999999978		0.21		2.18436380095e-14
0.211		0.210999999999978		0.211		2.20379270388094e-14
0.212		0.211999999999978		0.212		2.22322160681188e-14
0.213		0.212999999999978		0.213		2.23987495218125e-14
0.214		0.213999999999977		0.214		2.25930385511219e-14
0.215		0.214999999999977		0.215		2.2815083156047e-14
0.216		0.215999999999977		0.216		2.30093721853564e-14
0.217		0.216999999999977		0.217		2.32036612146658e-14
0.218		0.217999999999977		0.218		2.33701946683595e-14
0.219		0.218999999999976		0.219		2.35367281220533e-14
0.22		0.219999999999976		0.22		2.37032615757471e-14
0.221		0.220999999999976		0.221		2.38975506050565e-14
0.222		0.221999999999976		0.222		2.40918396343659e-14
0.223		0.222999999999976		0.223		2.42861286636753e-14
0.224		0.223999999999976		0.224		2.44804176929847e-14
0.225		0.224999999999975		0.225		2.46469511466785e-14
0.226		0.225999999999975		0.226		2.47857290247566e-14
0.227		0.226999999999975		0.227		2.48967513272191e-14
0.228		0.227999999999975		0.228		2.50355292052973e-14
0.229		0.228999999999975		0.229		2.51743070833754e-14
0.23		0.229999999999975		0.23		2.52853293858379e-14
0.231		0.230999999999975		0.231		2.53963516883005e-14
0.232		0.231999999999975		0.232		2.5507373990763e-14
0.233		0.232999999999974		0.233		2.56183962932255e-14
0.234		0.233999999999974		0.234		2.57571741713036e-14
0.235		0.234999999999974		0.235		2.58681964737661e-14
0.236		0.235999999999974		0.236		2.59792187762287e-14
0.237		0.236999999999974		0.237		2.61457522299224e-14
0.238		0.237999999999974		0.238		2.62845301080006e-14
0.239		0.238999999999974		0.239		2.64233079860787e-14
0.24		0.239999999999973		0.24		2.65620858641569e-14
0.241		0.240999999999973		0.241		2.67563748934663e-14
0.242		0.241999999999973		0.242		2.692290834716e-14
0.243		0.242999999999973		0.243		2.70894418008538e-14
0.244		0.243999999999973		0.244		2.72004641033163e-14
0.245		0.244999999999973		0.245		2.73392419813945e-14
0.246		0.245999999999972		0.246		2.75335310107039e-14
0.247		0.246999999999972		0.247		2.77278200400133e-14
0.248		0.247999999999972		0.248		2.79221090693227e-14
0.249		0.248999999999972		0.249		2.81163980986321e-14
0.25		0.249999999999972		0.25		2.83661982791727e-14
0.251		0.250999999999971		0.251		2.85882428840978e-14
0.252		0.251999999999971		0.252		2.88102874890228e-14
0.253		0.252999999999971		0.253		2.90323320939478e-14
0.254		0.253999999999971		0.254		2.91988655476416e-14
0.255		0.254999999999971		0.255		2.94209101525666e-14
0.256		0.25599999999997		0.256		2.95874436062604e-14
0.257		0.25699999999997		0.257		2.97539770599542e-14
0.258		0.25799999999997		0.258		2.9920510513648e-14
0.259		0.25899999999997		0.259		3.00870439673417e-14
0.26		0.25999999999997		0.26		3.02535774210355e-14
0.261		0.26099999999997		0.261		3.04201108747293e-14
0.262		0.261999999999969		0.262		3.05866443284231e-14
0.263		0.262999999999969		0.263		3.07531777821168e-14
0.264		0.263999999999969		0.264		3.09752223870419e-14
0.265		0.264999999999969		0.265		3.11417558407356e-14
0.266		0.265999999999969		0.266		3.13638004456607e-14
0.267		0.266999999999968		0.267		3.1641356201817e-14
0.268		0.267999999999968		0.268		3.1863400806742e-14
0.269		0.268999999999968		0.269		3.21409565628983e-14
0.27		0.269999999999968		0.27		3.24185123190546e-14
0.271		0.270999999999967		0.271		3.26405569239796e-14
0.272		0.271999999999967		0.272		3.28626015289046e-14
0.273		0.272999999999967		0.273		3.30291349825984e-14
0.274		0.273999999999967		0.274		3.31956684362922e-14
0.275		0.274999999999967		0.275		3.34177130412172e-14
0.276		0.275999999999966		0.276		3.36397576461422e-14
0.277		0.276999999999966		0.277		3.3806291099836e-14
0.278		0.277999999999966		0.278		3.39728245535298e-14
0.279		0.278999999999966		0.279		3.40838468559923e-14
0.28		0.279999999999966		0.28		3.41948691584548e-14
0.281		0.280999999999966		0.281		3.43058914609173e-14
0.282		0.281999999999966		0.282		3.44724249146111e-14
0.283		0.282999999999965		0.283		3.46389583683049e-14
0.284		0.283999999999965		0.284		3.48610029732299e-14
0.285		0.284999999999965		0.285		3.50275364269237e-14
0.286		0.285999999999965		0.286		3.51940698806175e-14
0.287		0.286999999999965		0.287		3.54161144855425e-14
0.288		0.287999999999964		0.288		3.55826479392363e-14
0.289		0.288999999999964		0.289		3.56936702416988e-14
0.29		0.289999999999964		0.29		3.59157148466238e-14
0.291		0.290999999999964		0.291		3.60822483003176e-14
0.292		0.291999999999964		0.292		3.62487817540114e-14
0.293		0.292999999999964		0.293		3.64708263589364e-14
0.294		0.293999999999963		0.294		3.66928709638614e-14
0.295		0.294999999999963		0.295		3.68594044175552e-14
0.296		0.295999999999963		0.296		3.7025937871249e-14
0.297		0.296999999999963		0.297		3.71369601737115e-14
0.298		0.297999999999963		0.298		3.7247982476174e-14
0.299		0.298999999999963		0.299		3.74145159298678e-14
0.3		0.299999999999962		0.3		3.75810493835615e-14
0.301		0.300999999999962		0.301		3.77475828372553e-14
0.302		0.301999999999962		0.302		3.79141162909491e-14
0.303		0.302999999999962		0.303		3.80251385934116e-14
0.304		0.303999999999962		0.304		3.81916720471054e-14
0.305		0.304999999999962		0.305		3.83026943495679e-14
0.306		0.305999999999962		0.306		3.84692278032617e-14
0.307		0.306999999999961		0.307		3.86912724081867e-14
0.308		0.307999999999961		0.308		3.88578058618805e-14
0.309		0.308999999999961		0.309		3.90243393155743e-14
0.31		0.309999999999961		0.31		3.9190872769268e-14
0.311		0.310999999999961		0.311		3.93574062229618e-14
0.312		0.311999999999961		0.312		3.94684285254243e-14
0.313		0.31299999999996		0.313		3.95239396766556e-14
0.314		0.31399999999996		0.314		3.95794508278868e-14
0.315		0.31499999999996		0.315		3.96904731303493e-14
0.316		0.31599999999996		0.316		3.98014954328119e-14
0.317		0.31699999999996		0.317		3.99125177352744e-14
0.318		0.31799999999996		0.318		3.99680288865056e-14
0.319		0.31899999999996		0.319		4.01345623401994e-14
0.32		0.31999999999996		0.32		4.03010957938932e-14
0.321		0.320999999999959		0.321		4.05231403988182e-14
0.322		0.321999999999959		0.322		4.0689673852512e-14
0.323		0.322999999999959		0.323		4.0911718457437e-14
0.324		0.323999999999959		0.324		4.1133763062362e-14
0.325		0.324999999999959		0.325		4.14113188185183e-14
0.326		0.325999999999958		0.326		4.16333634234434e-14
0.327		0.326999999999958		0.327		4.18554080283684e-14
0.328		0.327999999999958		0.328		4.20774526332934e-14
0.329		0.328999999999958		0.329		4.22994972382185e-14
0.33		0.329999999999957		0.33		4.25770529943748e-14
0.331		0.330999999999957		0.331		4.27990975992998e-14
0.332		0.331999999999957		0.332		4.30211422042248e-14
0.333		0.332999999999957		0.333		4.31876756579186e-14
0.334		0.333999999999957		0.334		4.33542091116124e-14
0.335		0.334999999999957		0.335		4.34652314140749e-14
0.336		0.335999999999956		0.336		4.36317648677687e-14
0.337		0.336999999999956		0.337		4.37982983214624e-14
0.338		0.337999999999956		0.338		4.40203429263875e-14
0.339		0.338999999999956		0.339		4.41868763800812e-14
0.34		0.339999999999956		0.34		4.4353409833775e-14
0.341		0.340999999999956		0.341		4.45199432874688e-14
0.342		0.341999999999955		0.342		4.46864767411626e-14
0.343		0.342999999999955		0.343		4.48530101948563e-14
0.344		0.343999999999955		0.344		4.50195436485501e-14
0.345		0.344999999999955		0.345		4.51860771022439e-14
0.346		0.345999999999955		0.346		4.54081217071689e-14
0.347		0.346999999999954		0.347		4.55746551608627e-14
0.348		0.347999999999954		0.348		4.57966997657877e-14
0.349		0.348999999999954		0.349		4.60187443707127e-14
0.35		0.349999999999954		0.35		4.62407889756378e-14
0.351		0.350999999999954		0.351		4.64628335805628e-14
0.352		0.351999999999953		0.352		4.66293670342566e-14
0.353		0.352999999999953		0.353		4.67959004879503e-14
0.354		0.353999999999953		0.354		4.70179450928754e-14
0.355		0.354999999999953		0.355		4.72399896978004e-14
0.356		0.355999999999953		0.356		4.74065231514942e-14
0.357		0.356999999999952		0.357		4.7573056605188e-14
0.358		0.357999999999952		0.358		4.7795101210113e-14
0.359		0.358999999999952		0.359		4.8017145815038e-14
0.36		0.359999999999952		0.36		4.81836792687318e-14
0.361		0.360999999999952		0.361		4.82947015711943e-14
0.362		0.361999999999952		0.362		4.84057238736568e-14
0.363		0.362999999999952		0.363		4.84612350248881e-14
0.364		0.363999999999951		0.364		4.85722573273506e-14
0.365		0.364999999999951		0.365		4.87387907810444e-14
0.366		0.365999999999951		0.366		4.89053242347381e-14
0.367		0.366999999999951		0.367		4.91273688396632e-14
0.368		0.367999999999951		0.368		4.93494134445882e-14
0.369		0.36899999999995		0.369		4.96269692007445e-14
0.37		0.36999999999995		0.37		4.98490138056695e-14
0.371		0.37099999999995		0.371		5.00710584105946e-14
0.372		0.37199999999995		0.372		5.03486141667508e-14
0.373		0.372999999999949		0.373		5.06261699229071e-14
0.374		0.373999999999949		0.374		5.09592368302947e-14
0.375		0.374999999999949		0.375		5.12923037376822e-14
0.376		0.375999999999948		0.376		5.16253706450698e-14
0.377		0.376999999999948		0.377		5.19584375524573e-14
0.378		0.377999999999948		0.378		5.22359933086136e-14
0.379		0.378999999999947		0.379		5.25135490647699e-14
0.38		0.379999999999947		0.38		5.28466159721575e-14
0.381		0.380999999999947		0.381		5.3179682879545e-14
0.382		0.381999999999946		0.382		5.35127497869325e-14
0.383		0.382999999999946		0.383		5.39013278455514e-14
0.384		0.383999999999946		0.384		5.42899059041702e-14
0.385		0.384999999999945		0.385		5.47339951140202e-14
0.386		0.385999999999945		0.386		5.52335954751015e-14
0.387		0.386999999999944		0.387		5.57887069874141e-14
0.388		0.387999999999944		0.388		5.63438184997267e-14
0.389		0.388999999999943		0.389		5.6843418860808e-14
0.39		0.389999999999943		0.39		5.73985303731206e-14
0.391		0.390999999999942		0.391		5.78981307342019e-14
0.392		0.391999999999942		0.392		5.85087533977457e-14
0.393		0.392999999999941		0.393		5.91193760612896e-14
0.394		0.39399999999994		0.394		5.96744875736022e-14
0.395		0.39499999999994		0.395		6.02295990859147e-14
0.396		0.395999999999939		0.396		6.07291994469961e-14
0.397		0.396999999999939		0.397		6.12287998080774e-14
0.398		0.397999999999938		0.398		6.178391132039e-14
0.399		0.398999999999938		0.399		6.22835116814713e-14
0.4		0.399999999999937		0.4		6.27831120425526e-14
0.401		0.400999999999937		0.401		6.33382235548652e-14
0.402		0.401999999999936		0.402		6.38933350671778e-14
0.403		0.402999999999936		0.403		6.45039577307216e-14
0.404		0.403999999999935		0.404		6.50590692430342e-14
0.405		0.404999999999934		0.405		6.5669691906578e-14
0.406		0.405999999999934		0.406		6.61692922676593e-14
0.407		0.406999999999933		0.407		6.67244037799719e-14
0.408		0.407999999999933		0.408		6.72795152922845e-14
0.409		0.408999999999932		0.409		6.77791156533658e-14
0.41		0.409999999999932		0.41		6.81676937119846e-14
0.411		0.410999999999931		0.411		6.85562717706034e-14
0.412		0.411999999999931		0.412		6.89448498292222e-14
0.413		0.412999999999931		0.413		6.94444501903035e-14
0.414		0.41399999999993		0.414		6.98885394001536e-14
0.415		0.41499999999993		0.415		7.03881397612349e-14
0.416		0.415999999999929		0.416		7.0832228971085e-14
0.417		0.416999999999929		0.417		7.12208070297038e-14
0.418		0.417999999999928		0.418		7.16648962395539e-14
0.419		0.418999999999928		0.419		7.21089854494039e-14
0.42		0.419999999999927		0.42		7.2553074659254e-14
0.421		0.420999999999927		0.421		7.2997163869104e-14
0.422		0.421999999999926		0.422		7.34967642301854e-14
0.423		0.422999999999926		0.423		7.39963645912667e-14
0.424		0.423999999999926		0.424		7.44404538011167e-14
0.425		0.424999999999925		0.425		7.49400541621981e-14
0.426		0.425999999999925		0.426		7.53841433720481e-14
0.427		0.426999999999924		0.427		7.57727214306669e-14
0.428		0.427999999999924		0.428		7.62723217917483e-14
0.429		0.428999999999923		0.429		7.67164110015983e-14
0.43		0.429999999999923		0.43		7.71049890602171e-14
0.431		0.430999999999923		0.431		7.74380559676047e-14
0.432		0.431999999999922		0.432		7.77711228749922e-14
0.433		0.432999999999922		0.433		7.81041897823798e-14
0.434		0.433999999999922		0.434		7.83817455385361e-14
0.435		0.434999999999921		0.435		7.86037901434611e-14
0.436		0.435999999999921		0.436		7.88258347483861e-14
0.437		0.436999999999921		0.437		7.90478793533111e-14
0.438		0.437999999999921		0.438		7.93254351094674e-14
0.439		0.43899999999992		0.439		7.96029908656237e-14
0.44		0.43999999999992		0.44		7.988054662178e-14
0.441		0.44099999999992		0.441		8.02136135291676e-14
0.442		0.441999999999919		0.442		8.05466804365551e-14
0.443		0.442999999999919		0.443		8.08797473439427e-14
0.444		0.443999999999919		0.444		8.12128142513302e-14
0.445		0.444999999999918		0.445		8.15458811587177e-14
0.446		0.445999999999918		0.446		8.1823436914874e-14
0.447		0.446999999999918		0.447		8.21009926710303e-14
0.448		0.447999999999918		0.448		8.23785484271866e-14
0.449		0.448999999999917		0.449		8.26005930321116e-14
0.45		0.449999999999917		0.45		8.28226376370367e-14
0.451		0.450999999999917		0.451		8.30446822419617e-14
0.452		0.451999999999917		0.452		8.3322237998118e-14
0.453		0.452999999999916		0.453		8.35997937542743e-14
0.454		0.453999999999916		0.454		8.38218383591993e-14
0.455		0.454999999999916		0.455		8.41549052665869e-14
0.456		0.455999999999916		0.456		8.44324610227432e-14
0.457		0.456999999999915		0.457		8.46545056276682e-14
0.458		0.457999999999915		0.458		8.48765502325932e-14
0.459		0.458999999999915		0.459		8.51541059887495e-14
0.46		0.459999999999915		0.46		8.53761505936745e-14
0.461		0.460999999999914		0.461		8.57092175010621e-14
0.462		0.461999999999914		0.462		8.59867732572184e-14
0.463		0.462999999999914		0.463		8.62643290133747e-14
0.464		0.463999999999913		0.464		8.65973959207622e-14
0.465		0.464999999999913		0.465		8.68194405256872e-14
0.466		0.465999999999913		0.466		8.70969962818435e-14
0.467		0.466999999999913		0.467		8.74300631892311e-14
0.468		0.467999999999912		0.468		8.77076189453874e-14
0.469		0.468999999999912		0.469		8.80406858527749e-14
0.47		0.469999999999912		0.47		8.84292639113937e-14
0.471		0.470999999999911		0.471		8.88178419700125e-14
0.472		0.471999999999911		0.472		8.92619311798626e-14
0.473		0.47299999999991		0.473		8.97060203897126e-14
0.474		0.47399999999991		0.474		9.00390872971002e-14
0.475		0.47499999999991		0.475		9.0427665355719e-14
0.476		0.475999999999909		0.476		9.07607322631065e-14
0.477		0.476999999999909		0.477		9.11493103217254e-14
0.478		0.477999999999909		0.478		9.14268660778816e-14
0.479		0.478999999999908		0.479		9.17044218340379e-14
0.48		0.479999999999908		0.48		9.18154441365004e-14
0.481		0.480999999999908		0.481		9.19819775901942e-14
0.482		0.481999999999908		0.482		9.2148511043888e-14
0.483		0.482999999999908		0.483		9.23150444975818e-14
0.484		0.483999999999908		0.484		9.24815779512755e-14
0.485		0.484999999999907		0.485		9.26481114049693e-14
0.486		0.485999999999907		0.486		9.28146448586631e-14
0.487		0.486999999999907		0.487		9.30366894635881e-14
0.488		0.487999999999907		0.488		9.33142452197444e-14
0.489		0.488999999999906		0.489		9.3647312127132e-14
0.49		0.489999999999906		0.49		9.3869356732057e-14
0.491		0.490999999999906		0.491		9.4091401336982e-14
0.492		0.491999999999906		0.492		9.43689570931383e-14
0.493		0.492999999999905		0.493		9.46465128492946e-14
0.494		0.493999999999905		0.494		9.49795797566821e-14
0.495		0.494999999999905		0.495		9.53126466640697e-14
0.496		0.495999999999904		0.496		9.56457135714572e-14
0.497		0.496999999999904		0.497		9.6034291630076e-14
0.498		0.497999999999904		0.498		9.64783808399261e-14
0.499		0.498999999999903		0.499		9.69779812010074e-14
0.5		0.499999999999903		0.5		9.74220704108575e-14
0.501		0.500999999999902		0.501		9.79216707719388e-14
0.502		0.501999999999902		0.502		9.84767822842514e-14
0.503		0.502999999999901		0.503		9.9031893796564e-14
0.504		0.5039999999999		0.504		9.95870053088765e-14
0.505		0.5049999999999		0.505		1.00031094518727e-13
0.506		0.505999999999899		0.506		1.00586206031039e-13
0.507		0.506999999999899		0.507		1.01141317543352e-13
0.508		0.507999999999898		0.508		1.01585406753202e-13
0.509		0.508999999999898		0.509		1.02029495963052e-13
0.51		0.509999999999898		0.51		1.02473585172902e-13
0.511		0.510999999999897		0.511		1.02917674382752e-13
0.512		0.511999999999897		0.512		1.03361763592602e-13
0.513		0.512999999999896		0.513		1.03805852802452e-13
0.514		0.513999999999896		0.514		1.04249942012302e-13
0.515		0.514999999999895		0.515		1.04805053524615e-13
0.516		0.515999999999895		0.516		1.05360165036927e-13
0.517		0.516999999999894		0.517		1.0591527654924e-13
0.518		0.517999999999894		0.518		1.06470388061553e-13
0.519		0.518999999999893		0.519		1.06914477271403e-13
0.52		0.519999999999893		0.52		1.07358566481253e-13
0.521		0.520999999999892		0.521		1.07802655691103e-13
0.522		0.521999999999892		0.522		1.08357767203415e-13
0.523		0.522999999999891		0.523		1.08912878715728e-13
0.524		0.52399999999989		0.524		1.09579012530503e-13
0.525		0.52499999999989		0.525		1.10134124042816e-13
0.526		0.525999999999889		0.526		1.10689235555128e-13
0.527		0.526999999999889		0.527		1.11244347067441e-13
0.528		0.527999999999888		0.528		1.11688436277291e-13
0.529		0.528999999999888		0.529		1.12243547789603e-13
0.53		0.529999999999887		0.53		1.12798659301916e-13
0.531		0.530999999999887		0.531		1.13464793116691e-13
0.532		0.531999999999886		0.532		1.14130926931466e-13
0.533		0.532999999999885		0.533		1.14686038443779e-13
0.534		0.533999999999885		0.534		1.15352172258554e-13
0.535		0.534999999999884		0.535		1.16018306073329e-13
0.536		0.535999999999883		0.536		1.16684439888104e-13
0.537		0.536999999999883		0.537		1.17461596005342e-13
0.538		0.537999999999882		0.538		1.18127729820117e-13
0.539		0.538999999999881		0.539		1.18904885937354e-13
0.54		0.53999999999988		0.54		1.19682042054592e-13
0.541		0.540999999999879		0.541		1.20570220474292e-13
0.542		0.541999999999879		0.542		1.2134737659153e-13
0.543		0.542999999999878		0.543		1.22124532708767e-13
0.544		0.543999999999877		0.544		1.23012711128467e-13
0.545		0.544999999999876		0.545		1.23900889548167e-13
0.546		0.545999999999875		0.546		1.24789067967868e-13
0.547		0.546999999999874		0.547		1.25677246387568e-13
0.548		0.547999999999873		0.548		1.26565424807268e-13
0.549		0.548999999999873		0.549		1.27453603226968e-13
0.55		0.549999999999872		0.55		1.28341781646668e-13
0.551		0.550999999999871		0.551		1.29118937763906e-13
0.552		0.55199999999987		0.552		1.29896093881143e-13
0.553		0.552999999999869		0.553		1.30562227695918e-13
0.554		0.553999999999869		0.554		1.31117339208231e-13
0.555		0.554999999999868		0.555		1.31672450720544e-13
0.556		0.555999999999868		0.556		1.32227562232856e-13
0.557		0.556999999999867		0.557		1.32782673745169e-13
0.558		0.557999999999867		0.558		1.33337785257481e-13
0.559		0.558999999999866		0.559		1.33892896769794e-13
0.56		0.559999999999866		0.56		1.34448008282106e-13
0.561		0.560999999999865		0.561		1.34892097491957e-13
0.562		0.561999999999865		0.562		1.35336186701807e-13
0.563		0.562999999999864		0.563		1.35780275911657e-13
0.564		0.563999999999864		0.564		1.36224365121507e-13
0.565		0.564999999999863		0.565		1.36668454331357e-13
0.566		0.565999999999863		0.566		1.37112543541207e-13
0.567		0.566999999999863		0.567		1.37445610448594e-13
0.568		0.567999999999862		0.568		1.37778677355982e-13
0.569		0.568999999999862		0.569		1.38111744263369e-13
0.57		0.569999999999862		0.57		1.38444811170757e-13
0.571		0.570999999999861		0.571		1.38666855775682e-13
0.572		0.571999999999861		0.572		1.38888900380607e-13
0.573		0.572999999999861		0.573		1.39110944985532e-13
0.574		0.573999999999861		0.574		1.39221967287995e-13
0.575		0.574999999999861		0.575		1.39332989590457e-13
0.576		0.575999999999861		0.576		1.39555034195382e-13
0.577		0.57699999999986		0.577		1.39666056497845e-13
0.578		0.57799999999986		0.578		1.3988810110277e-13
0.579		0.57899999999986		0.579		1.39999123405232e-13
0.58		0.57999999999986		0.58		1.40110145707695e-13
0.581		0.58099999999986		0.581		1.40110145707695e-13
0.582		0.58199999999986		0.582		1.40221168010157e-13
0.583		0.58299999999986		0.583		1.4033219031262e-13
0.584		0.58399999999986		0.584		1.40443212615082e-13
0.585		0.584999999999859		0.585		1.40554234917545e-13
0.586		0.585999999999859		0.586		1.40554234917545e-13
0.587		0.586999999999859		0.587		1.40665257220007e-13
0.588		0.587999999999859		0.588		1.40887301824932e-13
0.589		0.588999999999859		0.589		1.41109346429857e-13
0.59		0.589999999999859		0.59		1.41109346429857e-13
0.591		0.590999999999859		0.591		1.41109346429857e-13
0.592		0.591999999999859		0.592		1.4122036873232e-13
0.593		0.592999999999859		0.593		1.41109346429857e-13
0.594		0.593999999999859		0.594		1.4122036873232e-13
0.595		0.594999999999859		0.595		1.41331391034782e-13
0.596		0.595999999999859		0.596		1.41442413337245e-13
0.597		0.596999999999859		0.597		1.41442413337245e-13
0.598		0.597999999999858		0.598		1.41553435639707e-13
0.599		0.598999999999858		0.599		1.4166445794217e-13
0.6		0.599999999999858		0.6		1.41886502547095e-13
0.601		0.600999999999858		0.601		1.42219569454483e-13
0.602		0.601999999999858		0.602		1.42441614059408e-13
0.603		0.602999999999857		0.603		1.42663658664333e-13
0.604		0.603999999999857		0.604		1.42774680966795e-13
0.605		0.604999999999857		0.605		1.42885703269258e-13
0.606		0.605999999999857		0.606		1.42885703269258e-13
0.607		0.606999999999857		0.607		1.42885703269258e-13
0.608		0.607999999999857		0.608		1.4299672557172e-13
0.609		0.608999999999857		0.609		1.43107747874183e-13
0.61		0.609999999999857		0.61		1.43329792479108e-13
0.611		0.610999999999856		0.611		1.43551837084033e-13
0.612		0.611999999999856		0.612		1.43773881688958e-13
0.613		0.612999999999856		0.613		1.4388490399142e-13
0.614		0.613999999999856		0.614		1.43995926293883e-13
0.615		0.614999999999856		0.615		1.44217970898808e-13
0.616		0.615999999999856		0.616		1.44440015503733e-13
0.617		0.616999999999855		0.617		1.4477308241112e-13
0.618		0.617999999999855		0.618		1.44995127016045e-13
0.619		0.618999999999855		0.619		1.4521717162097e-13
0.62		0.619999999999854		0.62		1.45550238528358e-13
0.621		0.620999999999854		0.621		1.45772283133283e-13
0.622		0.621999999999854		0.622		1.45994327738208e-13
0.623		0.622999999999854		0.623		1.46216372343133e-13
0.624		0.623999999999854		0.624		1.46438416948058e-13
0.625		0.624999999999853		0.625		1.46549439250521e-13
0.626		0.625999999999853		0.626		1.46660461552983e-13
0.627		0.626999999999853		0.627		1.46882506157908e-13
0.628		0.627999999999853		0.628		1.47104550762833e-13
0.629		0.628999999999853		0.629		1.47437617670221e-13
0.63		0.629999999999852		0.63		1.47659662275146e-13
0.631		0.630999999999852		0.631		1.47881706880071e-13
0.632		0.631999999999852		0.632		1.48103751484996e-13
0.633		0.632999999999852		0.633		1.48325796089921e-13
0.634		0.633999999999852		0.634		1.48436818392383e-13
0.635		0.634999999999851		0.635		1.48658862997308e-13
0.636		0.635999999999851		0.636		1.48880907602233e-13
0.637		0.636999999999851		0.637		1.49102952207159e-13
0.638		0.637999999999851		0.638		1.49436019114546e-13
0.639		0.63899999999985		0.639		1.49769086021934e-13
0.64		0.63999999999985		0.64		1.50213175231784e-13
0.641		0.640999999999849		0.641		1.50657264441634e-13
0.642		0.641999999999849		0.642		1.50879309046559e-13
0.643		0.642999999999849		0.643		1.51101353651484e-13
0.644		0.643999999999849		0.644		1.51323398256409e-13
0.645		0.644999999999849		0.645		1.51434420558871e-13
0.646		0.645999999999848		0.646		1.51656465163796e-13
0.647		0.646999999999848		0.647		1.51767487466259e-13
0.648		0.647999999999848		0.648		1.51989532071184e-13
0.649		0.648999999999848		0.649		1.52211576676109e-13
0.65		0.649999999999848		0.65		1.52433621281034e-13
0.651		0.650999999999847		0.651		1.52544643583497e-13
0.652		0.651999999999847		0.652		1.52655665885959e-13
0.653		0.652999999999847		0.653		1.52766688188422e-13
0.654		0.653999999999847		0.654		1.52766688188422e-13
0.655		0.654999999999847		0.655		1.52766688188422e-13
0.656		0.655999999999847		0.656		1.52766688188422e-13
0.657		0.656999999999847		0.657		1.52877710490884e-13
0.658		0.657999999999847		0.658		1.52988732793347e-13
0.659		0.658999999999847		0.659		1.53210777398272e-13
0.66		0.659999999999847		0.66		1.53432822003197e-13
0.661		0.660999999999846		0.661		1.53543844305659e-13
0.662		0.661999999999846		0.662		1.53765888910584e-13
0.663		0.662999999999846		0.663		1.53876911213047e-13
0.664		0.663999999999846		0.664		1.53987933515509e-13
0.665		0.664999999999846		0.665		1.54209978120434e-13
0.666		0.665999999999846		0.666		1.54432022725359e-13
0.667		0.666999999999845		0.667		1.54765089632747e-13
0.668		0.667999999999845		0.668		1.55098156540134e-13
0.669		0.668999999999845		0.669		1.55320201145059e-13
0.67		0.669999999999844		0.67		1.55653268052447e-13
0.671		0.670999999999844		0.671		1.55875312657372e-13
0.672		0.671999999999844		0.672		1.5620837956476e-13
0.673		0.672999999999844		0.673		1.56541446472147e-13
0.674		0.673999999999843		0.674		1.56985535681997e-13
0.675		0.674999999999843		0.675		1.57207580286922e-13
0.676		0.675999999999843		0.676		1.57318602589385e-13
0.677		0.676999999999843		0.677		1.57429624891847e-13
0.678		0.677999999999842		0.678		1.57651669496772e-13
0.679		0.678999999999842		0.679		1.57873714101697e-13
0.68		0.679999999999842		0.68		1.58206781009085e-13
0.681		0.680999999999842		0.681		1.58539847916472e-13
0.682		0.681999999999841		0.682		1.58983937126322e-13
0.683		0.682999999999841		0.683		1.5931700403371e-13
0.684		0.68399999999984		0.684		1.5976109324356e-13
0.685		0.68499999999984		0.685		1.6020518245341e-13
0.686		0.685999999999839		0.686		1.6064927166326e-13
0.687		0.686999999999839		0.687		1.61204383175573e-13
0.688		0.687999999999838		0.688		1.61759494687885e-13
0.689		0.688999999999838		0.689		1.62536650805123e-13
0.69		0.689999999999837		0.69		1.63424829224823e-13
0.691		0.690999999999836		0.691		1.64313007644523e-13
0.692		0.691999999999835		0.692		1.65201186064223e-13
0.693		0.692999999999834		0.693		1.66200386786386e-13
0.694		0.693999999999833		0.694		1.67088565206086e-13
0.695		0.694999999999832		0.695		1.67976743625786e-13
0.696		0.695999999999831		0.696		1.68753899743024e-13
0.697		0.69699999999983		0.697		1.69642078162724e-13
0.698		0.697999999999829		0.698		1.70641278884887e-13
0.699		0.698999999999829		0.699		1.71418435002124e-13
0.7		0.699999999999828		0.7		1.72195591119362e-13
0.701		0.700999999999827		0.701		1.72972747236599e-13
0.702		0.701999999999826		0.702		1.73638881051374e-13
0.703		0.702999999999826		0.703		1.7430501486615e-13
0.704		0.703999999999825		0.704		1.74971148680925e-13
0.705		0.704999999999824		0.705		1.756372824957e-13
0.706		0.705999999999824		0.706		1.76303416310475e-13
0.707		0.706999999999823		0.707		1.76747505520325e-13
0.708		0.707999999999823		0.708		1.77191594730175e-13
0.709		0.708999999999822		0.709		1.77524661637563e-13
0.71		0.709999999999822		0.71		1.77968750847413e-13
0.711		0.710999999999822		0.711		1.78190795452338e-13
0.712		0.711999999999821		0.712		1.78523862359725e-13
0.713		0.712999999999821		0.713		1.78856929267113e-13
0.714		0.713999999999821		0.714		1.79078973872038e-13
0.715		0.714999999999821		0.715		1.79301018476963e-13
0.716		0.715999999999821		0.716		1.79412040779425e-13
0.717		0.716999999999821		0.717		1.79412040779425e-13
0.718		0.717999999999821		0.718		1.79412040779425e-13
0.719		0.718999999999821		0.719		1.79412040779425e-13
0.72		0.719999999999821		0.72		1.79412040779425e-13
0.721		0.720999999999821		0.721		1.79412040779425e-13
0.722		0.72199999999982		0.722		1.79523063081888e-13
0.723		0.72299999999982		0.723		1.79745107686813e-13
0.724		0.72399999999982		0.724		1.79856129989275e-13
0.725		0.72499999999982		0.725		1.79967152291738e-13
0.726		0.72599999999982		0.726		1.800781745942e-13
0.727		0.72699999999982		0.727		1.80189196896663e-13
0.728		0.72799999999982		0.728		1.80411241501588e-13
0.729		0.728999999999819		0.729		1.80744308408975e-13
0.73		0.729999999999819		0.73		1.81188397618826e-13
0.731		0.730999999999818		0.731		1.81632486828676e-13
0.732		0.731999999999818		0.732		1.82076576038526e-13
0.733		0.732999999999817		0.733		1.82520665248376e-13
0.734		0.733999999999817		0.734		1.82964754458226e-13
0.735		0.734999999999817		0.735		1.83408843668076e-13
0.736		0.735999999999816		0.736		1.83852932877926e-13
0.737		0.736999999999816		0.737		1.84185999785313e-13
0.738		0.737999999999815		0.738		1.84741111297626e-13
0.739		0.738999999999815		0.739		1.85296222809939e-13
0.74		0.739999999999814		0.74		1.85851334322251e-13
0.741		0.740999999999814		0.741		1.86406445834564e-13
0.742		0.741999999999813		0.742		1.86961557346876e-13
0.743		0.742999999999812		0.743		1.87516668859189e-13
0.744		0.743999999999812		0.744		1.87960758069039e-13
0.745		0.744999999999811		0.745		1.88737914186277e-13
0.746		0.74599999999981		0.746		1.89515070303514e-13
0.747		0.74699999999981		0.747		1.90181204118289e-13
0.748		0.747999999999809		0.748		1.90847337933064e-13
0.749		0.748999999999808		0.749		1.91624494050302e-13
0.75		0.749999999999808		0.75		1.92290627865077e-13
0.751		0.750999999999807		0.751		1.92734717074927e-13
0.752		0.751999999999807		0.752		1.93178806284777e-13
0.753		0.752999999999806		0.753		1.93622895494627e-13
0.754		0.753999999999806		0.754		1.93844940099552e-13
0.755		0.754999999999806		0.755		1.94289029309402e-13
0.756		0.755999999999805		0.756		1.94733118519252e-13
0.757		0.756999999999805		0.757		1.95288230031565e-13
0.758		0.757999999999804		0.758		1.95732319241415e-13
0.759		0.758999999999804		0.759		1.96065386148803e-13
0.76		0.759999999999803		0.76		1.96620497661115e-13
0.761		0.760999999999803		0.761		1.9728663147589e-13
0.762		0.761999999999802		0.762		1.97841742988203e-13
0.763		0.762999999999802		0.763		1.98396854500515e-13
0.764		0.763999999999801		0.764		1.99174010617753e-13
0.765		0.7649999999998		0.765		1.99840144432528e-13
0.766		0.765999999999799		0.766		2.00617300549766e-13
0.767		0.766999999999799		0.767		2.01172412062078e-13
0.768		0.767999999999798		0.768		2.01838545876853e-13
0.769		0.768999999999798		0.769		2.02504679691629e-13
0.77		0.769999999999797		0.77		2.03281835808866e-13
0.771		0.770999999999796		0.771		2.04170014228566e-13
0.772		0.771999999999795		0.772		2.04947170345804e-13
0.773		0.772999999999794		0.773		2.05724326463042e-13
0.774		0.773999999999794		0.774		2.06501482580279e-13
0.775		0.774999999999793		0.775		2.07278638697517e-13
0.776		0.775999999999792		0.776		2.08166817117217e-13
0.777		0.776999999999791		0.777		2.09054995536917e-13
0.778		0.77799999999979		0.778		2.09832151654155e-13
0.779		0.778999999999789		0.779		2.10609307771392e-13
0.78		0.779999999999789		0.78		2.1138646388863e-13
0.781		0.780999999999788		0.781		2.12163620005867e-13
0.782		0.781999999999787		0.782		2.13051798425568e-13
0.783		0.782999999999786		0.783		2.13828954542805e-13
0.784		0.783999999999785		0.784		2.14828155264968e-13
0.785		0.784999999999784		0.785		2.15716333684668e-13
0.786		0.785999999999783		0.786		2.16604512104368e-13
0.787		0.786999999999783		0.787		2.17492690524068e-13
0.788		0.787999999999782		0.788		2.18491891246231e-13
0.789		0.788999999999781		0.789		2.19491091968393e-13
0.79		0.78999999999978		0.79		2.20379270388094e-13
0.791		0.790999999999779		0.791		2.21267448807794e-13
0.792		0.791999999999778		0.792		2.22155627227494e-13
0.793		0.792999999999777		0.793		2.22932783344731e-13
0.794		0.793999999999776		0.794		2.23709939461969e-13
0.795		0.794999999999776		0.795		2.24376073276744e-13
0.796		0.795999999999775		0.796		2.24931184789057e-13
0.797		0.796999999999775		0.797		2.25486296301369e-13
0.798		0.797999999999774		0.798		2.25930385511219e-13
0.799		0.798999999999774		0.799		2.26374474721069e-13
0.8		0.799999999999773		0.8		2.26929586233382e-13
0.801		0.800999999999773		0.801		2.27373675443232e-13
0.802		0.801999999999772		0.802		2.27928786955545e-13
0.803		0.802999999999772		0.803		2.28483898467857e-13
0.804		0.803999999999771		0.804		2.2903900998017e-13
0.805		0.804999999999771		0.805		2.2948309919002e-13
0.806		0.80599999999977		0.806		2.2992718839987e-13
0.807		0.80699999999977		0.807		2.3037127760972e-13
0.808		0.807999999999769		0.808		2.30926389122033e-13
0.809		0.808999999999769		0.809		2.31370478331883e-13
0.81		0.809999999999768		0.81		2.31814567541733e-13
0.811		0.810999999999768		0.811		2.32369679054045e-13
0.812		0.811999999999767		0.812		2.32924790566358e-13
0.813		0.812999999999767		0.813		2.3347990207867e-13
0.814		0.813999999999766		0.814		2.34035013590983e-13
0.815		0.814999999999765		0.815		2.34590125103296e-13
0.816		0.815999999999765		0.816		2.35145236615608e-13
0.817		0.816999999999764		0.817		2.35700348127921e-13
0.818		0.817999999999764		0.818		2.36144437337771e-13
0.819		0.818999999999763		0.819		2.36699548850083e-13
0.82		0.819999999999763		0.82		2.37143638059933e-13
0.821		0.820999999999762		0.821		2.37698749572246e-13
0.822		0.821999999999762		0.822		2.38253861084559e-13
0.823		0.822999999999761		0.823		2.38919994899334e-13
0.824		0.82399999999976		0.824		2.39586128714109e-13
0.825		0.82499999999976		0.825		2.40252262528884e-13
0.826		0.825999999999759		0.826		2.40807374041196e-13
0.827		0.826999999999759		0.827		2.41473507855972e-13
0.828		0.827999999999758		0.828		2.42250663973209e-13
0.829		0.828999999999757		0.829		2.43138842392909e-13
0.83		0.829999999999756		0.83		2.43915998510147e-13
0.831		0.830999999999755		0.831		2.44582132324922e-13
0.832		0.831999999999755		0.832		2.45248266139697e-13
0.833		0.832999999999754		0.833		2.45914399954472e-13
0.834		0.833999999999753		0.834		2.46802578374172e-13
0.835		0.834999999999752		0.835		2.47690756793872e-13
0.836		0.835999999999751		0.836		2.48578935213573e-13
0.837		0.83699999999975		0.837		2.49467113633273e-13
0.838		0.83799999999975		0.838		2.50355292052973e-13
0.839		0.838999999999749		0.839		2.51243470472673e-13
0.84		0.839999999999748		0.84		2.52242671194836e-13
0.841		0.840999999999747		0.841		2.53352894219461e-13
0.842		0.841999999999746		0.842		2.54241072639161e-13
0.843		0.842999999999745		0.843		2.55129251058861e-13
0.844		0.843999999999744		0.844		2.55906407176099e-13
0.845		0.844999999999743		0.845		2.56683563293336e-13
0.846		0.845999999999743		0.846		2.57460719410574e-13
0.847		0.846999999999742		0.847		2.58237875527811e-13
0.848		0.847999999999741		0.848		2.59126053947512e-13
0.849		0.84899999999974		0.849		2.60014232367212e-13
0.85		0.849999999999739		0.85		2.61124455391837e-13
0.851		0.850999999999738		0.851		2.62012633811537e-13
0.852		0.851999999999737		0.852		2.62789789928775e-13
0.853		0.852999999999736		0.853		2.63566946046012e-13
0.854		0.853999999999736		0.854		2.64011035255862e-13
0.855		0.854999999999735		0.855		2.64677169070637e-13
0.856		0.855999999999735		0.856		2.65343302885412e-13
0.857		0.856999999999734		0.857		2.66009436700188e-13
0.858		0.857999999999733		0.858		2.66675570514963e-13
0.859		0.858999999999733		0.859		2.67230682027275e-13
0.86		0.859999999999732		0.86		2.6789681584205e-13
0.861		0.860999999999732		0.861		2.68451927354363e-13
0.862		0.861999999999731		0.862		2.69118061169138e-13
0.863		0.86299999999973		0.863		2.69673172681451e-13
0.864		0.86399999999973		0.864		2.70228284193763e-13
0.865		0.864999999999729		0.865		2.70783395706076e-13
0.866		0.865999999999729		0.866		2.71227484915926e-13
0.867		0.866999999999728		0.867		2.71671574125776e-13
0.868		0.867999999999728		0.868		2.72226685638088e-13
0.869		0.868999999999727		0.869		2.72781797150401e-13
0.87		0.869999999999727		0.87		2.73336908662714e-13
0.871		0.870999999999726		0.871		2.73892020175026e-13
0.872		0.871999999999726		0.872		2.74336109384876e-13
0.873		0.872999999999725		0.873		2.74780198594726e-13
0.874		0.873999999999725		0.874		2.75113265502114e-13
0.875		0.874999999999724		0.875		2.75557354711964e-13
0.876		0.875999999999724		0.876		2.76223488526739e-13
0.877		0.876999999999723		0.877		2.76778600039052e-13
0.878		0.877999999999723		0.878		2.77333711551364e-13
0.879		0.878999999999722		0.879		2.77999845366139e-13
0.88		0.879999999999721		0.88		2.78888023785839e-13
0.881		0.88099999999972		0.881		2.79776202205539e-13
0.882		0.881999999999719		0.882		2.80775402927702e-13
0.883		0.882999999999718		0.883		2.8155255904494e-13
0.884		0.883999999999718		0.884		2.82329715162177e-13
0.885		0.884999999999717		0.885		2.83217893581877e-13
0.886		0.885999999999716		0.886		2.84328116606503e-13
0.887		0.886999999999715		0.887		2.85438339631128e-13
0.888		0.887999999999713		0.888		2.86548562655753e-13
0.889		0.888999999999712		0.889		2.87547763377916e-13
0.89		0.889999999999711		0.89		2.88546964100078e-13
0.891		0.890999999999711		0.891		2.89435142519778e-13
0.892		0.89199999999971		0.892		2.90323320939478e-13
0.893		0.892999999999709		0.893		2.91211499359179e-13
0.894		0.893999999999708		0.894		2.91988655476416e-13
0.895		0.894999999999707		0.895		2.92765811593654e-13
0.896		0.895999999999706		0.896		2.93542967710891e-13
0.897		0.896999999999706		0.897		2.94098079223204e-13
0.898		0.897999999999705		0.898		2.94542168433054e-13
0.899		0.898999999999705		0.899		2.94986257642904e-13
0.9		0.899999999999705		0.9		2.95430346852754e-13
0.901		0.900999999999704		0.901		2.95874436062604e-13
0.902		0.901999999999704		0.902		2.96207502969992e-13
0.903		0.902999999999703		0.903		2.96540569877379e-13
0.904		0.903999999999703		0.904		2.97095681389692e-13
0.905		0.904999999999702		0.905		2.97539770599542e-13
0.906		0.905999999999702		0.906		2.98094882111855e-13
0.907		0.906999999999701		0.907		2.98649993624167e-13
0.908		0.907999999999701		0.908		2.99316127438942e-13
0.909		0.9089999999997		0.909		2.99871238951255e-13
0.91		0.909999999999699		0.91		3.0053737276603e-13
0.911		0.910999999999699		0.911		3.0098146197588e-13
0.912		0.911999999999699		0.912		3.0142555118573e-13
0.913		0.912999999999698		0.913		3.01980662698043e-13
0.914		0.913999999999698		0.914		3.02424751907893e-13
0.915		0.914999999999697		0.915		3.02868841117743e-13
0.916		0.915999999999697		0.916		3.0320190802513e-13
0.917		0.916999999999696		0.917		3.0364599723498e-13
0.918		0.917999999999696		0.918		3.0409008644483e-13
0.919		0.918999999999696		0.919		3.0453417565468e-13
0.92		0.919999999999695		0.92		3.05089287166993e-13
0.921		0.920999999999695		0.921		3.05422354074381e-13
0.922		0.921999999999694		0.922		3.05755420981768e-13
0.923		0.922999999999694		0.923		3.05866443284231e-13
0.924		0.923999999999694		0.924		3.06088487889156e-13
0.925		0.924999999999694		0.925		3.06199510191618e-13
0.926		0.925999999999694		0.926		3.06199510191618e-13
0.927		0.926999999999694		0.927		3.06310532494081e-13
0.928		0.927999999999694		0.928		3.06310532494081e-13
0.929		0.928999999999694		0.929		3.06310532494081e-13
0.93		0.929999999999694		0.93		3.06310532494081e-13
0.931		0.930999999999694		0.931		3.06310532494081e-13
0.932		0.931999999999694		0.932		3.06310532494081e-13
0.933		0.932999999999694		0.933		3.06310532494081e-13
0.934		0.933999999999694		0.934		3.06199510191618e-13
0.935		0.934999999999694		0.935		3.05977465586693e-13
0.936		0.935999999999694		0.936		3.05755420981768e-13
0.937		0.936999999999695		0.937		3.05533376376843e-13
0.938		0.937999999999695		0.938		3.05422354074381e-13
0.939		0.938999999999695		0.939		3.05200309469456e-13
0.94		0.939999999999695		0.94		3.04978264864531e-13
0.941		0.940999999999695		0.941		3.04756220259605e-13
0.942		0.941999999999696		0.942		3.04423153352218e-13
0.943		0.942999999999696		0.943		3.04201108747293e-13
0.944		0.943999999999696		0.944		3.0409008644483e-13
0.945		0.944999999999696		0.945		3.03979064142368e-13
0.946		0.945999999999696		0.946		3.03757019537443e-13
0.947		0.946999999999697		0.947		3.03423952630055e-13
0.948		0.947999999999697		0.948		3.02979863420205e-13
0.949		0.948999999999698		0.949		3.02535774210355e-13
0.95		0.949999999999698		0.95		3.0186964039558e-13
0.951		0.950999999999699		0.951		3.01203506580805e-13
0.952		0.9519999999997		0.952		3.0053737276603e-13
0.953		0.9529999999997		0.953		2.99760216648792e-13
0.954		0.953999999999701		0.954		2.98872038229092e-13
0.955		0.954999999999702		0.955		2.97872837506929e-13
0.956		0.955999999999703		0.956		2.97095681389692e-13
0.957		0.956999999999704		0.957		2.96207502969992e-13
0.958		0.957999999999705		0.958		2.95208302247829e-13
0.959		0.958999999999706		0.959		2.94431146130592e-13
0.96		0.959999999999706		0.96		2.93542967710891e-13
0.961		0.960999999999707		0.961		2.92654789291191e-13
0.962		0.961999999999708		0.962		2.91877633173954e-13
0.963		0.962999999999709		0.963		2.91211499359179e-13
0.964		0.963999999999709		0.964		2.90545365544403e-13
0.965		0.96499999999971		0.965		2.89879231729628e-13
0.966		0.965999999999711		0.966		2.89102075612391e-13
0.967		0.966999999999712		0.967		2.88213897192691e-13
0.968		0.967999999999713		0.968		2.87103674168065e-13
0.969		0.968999999999714		0.969		2.85660384236053e-13
0.97		0.969999999999716		0.97		2.8421709430404e-13
0.971		0.970999999999717		0.971		2.82773804372027e-13
0.972		0.971999999999719		0.972		2.81330514440015e-13
0.973		0.97299999999972		0.973		2.79887224508002e-13
0.974		0.973999999999722		0.974		2.78221889971064e-13
0.975		0.974999999999724		0.975		2.76445533131664e-13
0.976		0.975999999999726		0.976		2.74336109384876e-13
0.977		0.976999999999728		0.977		2.72115663335626e-13
0.978		0.97799999999973		0.978		2.69673172681451e-13
0.979		0.978999999999733		0.979		2.67119659724813e-13
0.98		0.979999999999736		0.98		2.64455124465712e-13
0.981		0.980999999999738		0.981		2.61568544601687e-13
0.982		0.981999999999741		0.982		2.58570942435199e-13
0.983		0.982999999999745		0.983		2.55462317966249e-13
0.984		0.983999999999748		0.984		2.52242671194836e-13
0.985		0.984999999999751		0.985		2.4891200212096e-13
0.986		0.985999999999755		0.986		2.4535928844216e-13
0.987		0.986999999999759		0.987		2.41473507855972e-13
0.988		0.987999999999763		0.988		2.37476704967321e-13
0.989		0.988999999999767		0.989		2.3303581286882e-13
0.99		0.989999999999772		0.99		2.28261853862932e-13
0.991		0.990999999999777		0.991		2.22821761042269e-13
0.992		0.991999999999783		0.992		2.16826556709293e-13
0.993		0.99299999999979		0.993		2.09721129351692e-13
0.994		0.993999999999798		0.994		2.01727523574391e-13
0.995		0.994999999999808		0.995		1.92179605562615e-13
0.996		0.995999999999819		0.996		1.8052226380405e-13
0.997		0.996999999999835		0.997		1.65090163761761e-13
0.998		0.997999999999856		0.998		1.43551837084033e-13
0.999		0.998999999999892		0.999		1.0769163338864e-13
1		1		1		0
