# x      Y       Yex     err
0		0.375		0.375		0
0.001		0.374996245676738		0.374996250004375		4.3276374706025e-09
0.002		0.374984991406053		0.37498500007		8.66394711529495e-09
0.003		0.374966237345524		0.374966250354375		1.30088505523318e-08
0.004		0.37493998375773		0.37494000112		1.73622696775233e-08
0.005		0.374906231010249		0.374906252734375		2.17241258870793e-08
0.006		0.37486497957566		0.37486500567		2.60943402996539e-08
0.007		0.374816230031541		0.374816260504375		3.04728341449234e-08
0.008		0.374759983060472		0.37476001792		3.4859528152964e-08
0.009		0.374696239450032		0.374696278704375		3.92543428873182e-08
0.01		0.374625000092801		0.37462504375		4.36571988560175e-08
0.011		0.374546265986359		0.374546314054375		4.80680164005598e-08
0.012		0.374460038233285		0.37446009072		5.24867153628428e-08
0.013		0.374366318041159		0.374366374954375		5.69132155292529e-08
0.014		0.374265106722564		0.37426516807		6.1347436464132e-08
0.015		0.374156405695077		0.374156471484375		6.57892975652885e-08
0.016		0.374040216481282		0.37404028672		7.02387180639974e-08
0.017		0.373916540708758		0.373916615404375		7.46956169139779e-08
0.018		0.373785380110087		0.37378545927		7.91599130134379e-08
0.019		0.37364673652285		0.373646820154375		8.36315249275188e-08
0.02		0.373500611889629		0.3735007		8.8110370999317e-08
0.021		0.373347008258005		0.373347100854375		9.25963695164178e-08
0.022		0.373185927780561		0.37318602487		9.70894385998733e-08
0.023		0.373017372714879		0.373017474304375		1.01589495926646e-07
0.024		0.372841345423541		0.37284145152		1.06096459173699e-07
0.025		0.372657848374129		0.372657958984375		1.10610245740439e-07
0.026		0.372466884139227		0.37246699927		1.15130772804228e-07
0.027		0.372268455396418		0.372268575054375		1.19657957486918e-07
0.028		0.372062564928283		0.37206268912		1.24191716521782e-07
0.029		0.371849215622408		0.371849344354375		1.2873196653107e-07
0.03		0.371628410471376		0.37162854375		1.33278623970501e-07
0.031		0.37140015257277		0.371400290404375		1.37831605184768e-07
0.032		0.371164445129174		0.37116458752		1.42390826185501e-07
0.033		0.370921291448172		0.370921438404375		1.46956202928816e-07
0.034		0.370670694942349		0.37067084647		1.51527651037764e-07
0.035		0.370412659129289		0.370412815234375		1.56105086079883e-07
0.036		0.370147187631577		0.37014734832		1.60688423289645e-07
0.037		0.369874284176797		0.369874449454375		1.6527757773499e-07
0.038		0.369593952597536		0.36959412247		1.69872464372833e-07
0.039		0.369306196831377		0.369306371304375		1.74472997993558e-07
0.04		0.369011020920907		0.3690112		1.79079093165502e-07
0.041		0.368708429013711		0.368708612704375		1.83690664234959e-07
0.042		0.368398425362375		0.36839861367		1.88307625270667e-07
0.043		0.368081014324485		0.368081207254375		1.92929890396876e-07
0.044		0.367756200362627		0.36775639792		1.97557373404766e-07
0.045		0.367423988044387		0.367424190234375		2.02189987918988e-07
0.046		0.367084382042353		0.36708458887		2.06827647342145e-07
0.047		0.36673738713411		0.366737598604375		2.11470265076841e-07
0.048		0.366383008202246		0.36638322432		2.16117754192613e-07
0.049		0.366021250234347		0.366021471004375		2.20770027536954e-07
0.05		0.365652118323002		0.36565234375		2.25426997901845e-07
0.051		0.365275617665797		0.365275847754375		2.30088577746201e-07
0.052		0.36489175356532		0.36489198832		2.34754679584448e-07
0.053		0.36450053142916		0.364500770854375		2.3942521543141e-07
0.054		0.364101956769903		0.36410220087		2.44100097468447e-07
0.055		0.363696035205138		0.363696283984375		2.48779237377317e-07
0.056		0.363282772457453		0.36328302592		2.53462547006311e-07
0.057		0.362862174354437		0.362862432504375		2.58149937648611e-07
0.058		0.362434246828679		0.36243450967		2.62841320652907e-07
0.059		0.361998995917768		0.361999263454375		2.67536607201357e-07
0.06		0.361556427764292		0.3615567		2.72235708198565e-07
0.061		0.36110654861584		0.361106825554375		2.76938534549132e-07
0.062		0.360649364825003		0.36064964647		2.8164499671357e-07
0.063		0.36018488284937		0.360185169204375		2.86355005318928e-07
0.064		0.359713109251529		0.35971340032		2.91068470548161e-07
0.065		0.359234050699072		0.359234346484375		2.95785302639739e-07
0.066		0.358747713964589		0.35874801447		3.00505411277019e-07
0.067		0.358254105925669		0.358254411154375		3.05228706476424e-07
0.068		0.357753233564902		0.35775354352		3.09955097699266e-07
0.069		0.357245103969881		0.357245418654375		3.14684494351347e-07
0.07		0.356729724333194		0.35673004375		3.19416805782957e-07
0.071		0.356207101952434		0.356207426104375		3.24151941011319e-07
0.072		0.355677244230191		0.35567757312		3.28889808998145e-07
0.073		0.355140158674056		0.355140492304375		3.33630318538614e-07
0.074		0.354595852896622		0.35459619127		3.38373378205858e-07
0.075		0.354044334615479		0.354044677734375		3.43118896350969e-07
0.076		0.353485611653219		0.35348595952		3.47866781436057e-07
0.077		0.352919691937434		0.352920044554375		3.52616941423634e-07
0.078		0.352346583500716		0.35234694087		3.57369284387232e-07
0.079		0.351766294480657		0.351766656604375		3.62123718011809e-07
0.08		0.35117883311985		0.3511792		3.66880149982318e-07
0.081		0.350584207765887		0.350584579404375		3.7163848765065e-07
0.082		0.349982426871362		0.34998280327		3.76398638424202e-07
0.083		0.349373498993866		0.349373880154375		3.81160509321798e-07
0.084		0.348757432795992		0.34875781872		3.85924007584304e-07
0.085		0.348134237045335		0.348134627734375		3.90689039841963e-07
0.086		0.347503920614487		0.34750431607		3.95455512780529e-07
0.087		0.346866492481042		0.346866892704375		4.00223332974736e-07
0.088		0.346221961727593		0.34622236672		4.04992406777271e-07
0.089		0.345570337541735		0.345570747304375		4.09762640374289e-07
0.09		0.34491162921606		0.34491204375		4.14533939840922e-07
0.091		0.344245846148164		0.344246265454375		4.19306210919235e-07
0.092		0.34357299784064		0.34357342192		4.24079359517826e-07
0.093		0.342893093901084		0.342893522754375		4.28853291156717e-07
0.094		0.342206144042089		0.34220657767		4.33627911355927e-07
0.095		0.34151215808125		0.341512596484375		4.38403125302411e-07
0.096		0.340811145941162		0.34081158912		4.43178838183123e-07
0.097		0.34010311764942		0.340103565604375		4.47954955018481e-07
0.098		0.339388083338619		0.33938853607		4.52731380606863e-07
0.099		0.338666053246355		0.338666510754375		4.57508019635622e-07
0.1		0.337937037715223		0.3379375		4.62284776681088e-07
0.101		0.337201047192819		0.337201514254375		4.67061556042037e-07
0.102		0.336458092231738		0.33645856407		4.71838262072755e-07
0.103		0.335708183489576		0.335708660104375		4.76614798794461e-07
0.104		0.33495133172893		0.33495181312		4.81391070172865e-07
0.105		0.334187547817395		0.334188033984375		4.86166980062652e-07
0.106		0.333416842727568		0.33341733367		4.90942432151975e-07
0.107		0.332639227537045		0.332639723254375		4.95717329906942e-07
0.108		0.331854713428423		0.33185521392		5.00491576738149e-07
0.109		0.331063311689299		0.331063816954375		5.0526507588966e-07
0.11		0.33026503371227		0.33026554375		5.10037730439006e-07
0.111		0.329459890994932		0.329460405804375		5.14809443352693e-07
0.112		0.328647895139883		0.32864841472		5.19580117430696e-07
0.113		0.32782905785472		0.327829582204375		5.24349655361966e-07
0.114		0.32700339095204		0.32700392007		5.29117959724434e-07
0.115		0.326170906349442		0.326171440234375		5.33884932873985e-07
0.116		0.325331616069523		0.32533215472		5.38650476999969e-07
0.117		0.324485532239881		0.324486075654375		5.43414494291738e-07
0.118		0.323632667093113		0.32363321527		5.48176886827623e-07
0.119		0.322773032966819		0.322773585904375		5.52937556352884e-07
0.12		0.321906642303595		0.3219072		5.57696404612784e-07
0.121		0.321033507651042		0.321034070104375		5.62453333186053e-07
0.122		0.320153641661756		0.32015420887		5.67208243540396e-07
0.123		0.319267057093338		0.319267629054375		5.71961036921476e-07
0.124		0.318373766808385		0.31837434352		5.76711614630465e-07
0.125		0.317473783774497		0.317474365234375		5.81459877690982e-07
0.126		0.316567121064273		0.31656770727		5.86205726904598e-07
0.127		0.315653791855312		0.315654382804375		5.9094906318391e-07
0.128		0.314733809430213		0.31473440512		5.95689787219467e-07
0.129		0.313807187176576		0.313807787604375		6.00427799479775e-07
0.13		0.312873938587		0.31287454375		6.0516300043334e-07
0.131		0.311934077259085		0.311934687154375		6.09895290326623e-07
0.132		0.310987616895431		0.31098823152		6.14624569350575e-07
0.133		0.310034571303637		0.310035190654375		6.19350737585123e-07
0.134		0.309074954396305		0.30907557847		6.24073694721616e-07
0.135		0.308108780191034		0.308109408984375		6.28793340728961e-07
0.136		0.307136062810425		0.30713669632		6.33509575076463e-07
0.137		0.306156816482078		0.306157454704375		6.38222297455471e-07
0.138		0.305171055538593		0.30517169847		6.42931407168756e-07
0.139		0.304178794417571		0.304179442054375		6.47636803574603e-07
0.14		0.303180047661614		0.3031807		6.52338385864759e-07
0.141		0.302174829918322		0.302175486954375		6.57036053064441e-07
0.142		0.301163155940296		0.30116381767		6.61729703976821e-07
0.143		0.300145040585137		0.300145707004375		6.66419237627114e-07
0.144		0.299120498815447		0.29912116992		6.71104552596447e-07
0.145		0.298089545698828		0.298090221484375		6.75785547521457e-07
0.146		0.297052196407879		0.29705287687		6.80462120761227e-07
0.147		0.296008466220204		0.296009151354375		6.85134170508306e-07
0.148		0.294958370518405		0.29495906032		6.89801595288309e-07
0.149		0.293901924790082		0.293902619254375		6.94464292960717e-07
0.15		0.292839144627838		0.29283984375		6.99122161662569e-07
0.151		0.291770045729276		0.291770749504375		7.03775099142323e-07
0.152		0.290694643896997		0.29069535232		7.08423003314973e-07
0.153		0.289612955038603		0.289613668104375		7.13065771817956e-07
0.154		0.288524995166698		0.28852571287		7.17703302122175e-07
0.155		0.287430780398883		0.287431502734375		7.22335491643022e-07
0.156		0.286330326957762		0.28633105392		7.26962237795892e-07
0.157		0.285223651170937		0.285224382754375		7.31583437607597e-07
0.158		0.284110769471012		0.28411150567		7.36198988326997e-07
0.159		0.282991698395588		0.282992439204375		7.40808786869884e-07
0.16		0.28186645458727		0.2818672		7.45412730152051e-07
0.161		0.28073505479366		0.280735804804375		7.50010714978266e-07
0.162		0.279597515867362		0.27959827047		7.54602637986768e-07
0.163		0.278453854765979		0.278454613954375		7.59188395815791e-07
0.164		0.277304088552115		0.27730485232		7.63767884881528e-07
0.165		0.276148234393374		0.276149002734375		7.68341001433637e-07
0.166		0.274986309562358		0.27498708247		7.72907641777287e-07
0.167		0.273818331436673		0.273819108904375		7.77467702217649e-07
0.168		0.272644317498921		0.27264509952		7.82021078726824e-07
0.169		0.271464285336708		0.271465071904375		7.86567667165894e-07
0.17		0.270278252642636		0.27027904375		7.9110736350696e-07
0.171		0.269086237214312		0.269087032854375		7.95640063389058e-07
0.172		0.267888256954337		0.26788905712		8.00165662562247e-07
0.173		0.266684329870318		0.266685134554375		8.04684056499028e-07
0.174		0.265474474074859		0.26547528327		8.09195140671903e-07
0.175		0.264258707785564		0.264259521484375		8.13698810497865e-07
0.176		0.263037049325039		0.26303786752		8.1819496122737e-07
0.177		0.261809517120887		0.261810339804375		8.22683487944342e-07
0.178		0.260576129705714		0.26057695687		8.27164285843729e-07
0.179		0.259336905717125		0.259337737354375		8.31637249787409e-07
0.18		0.258091863897725		0.2580927		8.36102274803796e-07
0.181		0.256841023095119		0.256841863654375		8.40559255532725e-07
0.182		0.255584402261913		0.25558524727		8.45008086780563e-07
0.183		0.254322020455712		0.254322869904375		8.49448663242658e-07
0.184		0.253053896839121		0.25305475072		8.53880879225777e-07
0.185		0.251780050679746		0.251780908984375		8.58304629314244e-07
0.186		0.250500501350192		0.25050136407		8.62719807814827e-07
0.187		0.249215268328066		0.249216135454375		8.67126308978783e-07
0.188		0.247924371195973		0.24792524272		8.71524026946346e-07
0.189		0.246627829641519		0.246628705554375		8.75912855802241e-07
0.19		0.24532566345731		0.24532654375		8.80292689603435e-07
0.191		0.244017892540953		0.244018777204375		8.8466342218485e-07
0.192		0.242704536895053		0.24270542592		8.89024947492434e-07
0.193		0.241385616627216		0.241386510004375		8.93377159250086e-07
0.194		0.240061151950049		0.24006204967		8.9771995104293e-07
0.195		0.238731163181159		0.238732065234375		9.02053216483845e-07
0.196		0.237395670743151		0.23739657712		9.06376849130197e-07
0.197		0.236054695163633		0.236055605854375		9.10690742261799e-07
0.198		0.234708257075211		0.23470917207		9.14994789352752e-07
0.199		0.233356377215491		0.233357296504375		9.192888835996e-07
0.2		0.231999076427082		0.232		9.23572918198889e-07
0.201		0.230636375657589		0.230637303504375		9.27846786236142e-07
0.202		0.229268295959619		0.22926922807		9.3211038079688e-07
0.203		0.22789485849078		0.227895794854375		9.36363594744583e-07
0.204		0.226516084513679		0.22651702512		9.40606321081505e-07
0.205		0.225131995395922		0.225132940234375		9.44838452476837e-07
0.206		0.223742612610118		0.22374356167		9.49059881766301e-07
0.207		0.222347957733873		0.222348911004375		9.53270501535819e-07
0.208		0.220948052449796		0.22094900992		9.57470204482336e-07
0.209		0.219542918545492		0.219543880204375		9.61658883080752e-07
0.21		0.21813257791357		0.21813354375		9.65836429639433e-07
0.211		0.216717052551638		0.216718022554375		9.70002736744302e-07
0.212		0.215296364562303		0.21529733872		9.74157696592703e-07
0.213		0.213870536153174		0.213871514454375		9.78301201354226e-07
0.214		0.212439589636857		0.21244057207		9.8243314330948e-07
0.215		0.21100354743096		0.211004533984375		9.86553414572544e-07
0.216		0.209562432058093		0.20956342272		9.90661907146473e-07
0.217		0.208116266145862		0.208117260904375		9.94758512951055e-07
0.218		0.206665072426876		0.20666607127		9.98843123933835e-07
0.219		0.205208873738743		0.205209876654375		1.0029156320146e-06
0.22		0.203747693024071		0.2037487		1.00697592891885e-06
0.221		0.202281553330469		0.202282564354375		1.01102390634433e-06
0.222		0.200810477810544		0.20081149287		1.01505945596103e-06
0.223		0.199334489721906		0.199335508804375		1.01908246938343e-06
0.224		0.197853612427162		0.19785463552		1.02309283819824e-06
0.225		0.196367869393921		0.196368896484375		1.02709045382565e-06
0.226		0.194877284194792		0.19487831527		1.03107520771362e-06
0.227		0.193381880507384		0.193382915554375		1.03504699119905e-06
0.228		0.191881682114304		0.19188272112		1.03900569570214e-06
0.229		0.190376712903163		0.190377755854375		1.04295121233777e-06
0.23		0.188866996866568		0.18886804375		1.04688343235959e-06
0.231		0.187352558102128		0.187353608904375		1.05080224691023e-06
0.232		0.185833420812453		0.18583447552		1.05470754713233e-06
0.233		0.184309609305151		0.184310667904375		1.05859922405749e-06
0.234		0.182781147992831		0.18278221047		1.06247716863406e-06
0.235		0.181248061393103		0.181249127734375		1.06634127183813e-06
0.236		0.179710374128575		0.17971144432		1.07019142456255e-06
0.237		0.178168110926857		0.178169184954375		1.07402751758912e-06
0.238		0.176621296620558		0.17662237447		1.07784944181066e-06
0.239		0.175069956147287		0.175071037804375		1.08165708787022e-06
0.24		0.173514114549653		0.1735152		1.08545034668839e-06
0.241		0.171953796975266		0.171954886204375		1.08922910865838e-06
0.242		0.170389028676735		0.17039012167		1.09299326453427e-06
0.243		0.16881983501167		0.168820931754375		1.09674270484805e-06
0.244		0.16724624144268		0.16724734192		1.10047732018725e-06
0.245		0.165668273537374		0.165669377734375		1.10419700100062e-06
0.246		0.164085956968362		0.16408706487		1.10790163768137e-06
0.247		0.162499317513254		0.162500429104375		1.11159112065051e-06
0.248		0.16090838105466		0.16090949632		1.11526534030126e-06
0.249		0.159313173580188		0.159314292504375		1.11892418691584e-06
0.25		0.157713721182449		0.15771484375		1.1225675508042e-06
0.251		0.156110050059053		0.156111176254375		1.12619532224856e-06
0.252		0.154502186512609		0.15450331632		1.1298073914201e-06
0.253		0.152890156950726		0.152891290354375		1.13340364857328e-06
0.254		0.151273987886016		0.15127512487		1.13698398371276e-06
0.255		0.149653705936088		0.149654846484375		1.14054828700971e-06
0.256		0.148029337823551		0.14803048192		1.14409644863533e-06
0.257		0.146400910376016		0.146402058004375		1.14762835859428e-06
0.258		0.144768450526093		0.14476960167		1.15114390686344e-06
0.259		0.143131985311392		0.143133139954375		1.15464298341972e-06
0.26		0.141491541874522		0.1414927		1.15812547815675e-06
0.261		0.139847147463094		0.139848309054375		1.16159128113469e-06
0.262		0.138198829429718		0.13819999447		1.16504028221942e-06
0.263		0.136546615232004		0.136547783704375		1.16847237124906e-06
0.264		0.134890532432562		0.13489170432		1.17188743806174e-06
0.265		0.133230608699002		0.133231783984375		1.17528537252332e-06
0.266		0.131566871803936		0.13156805047		1.17866606444417e-06
0.267		0.129899349624971		0.129900531654375		1.1820294036069e-06
0.268		0.12822807014472		0.12822925552		1.18537527962759e-06
0.269		0.126553061450793		0.126554250154375		1.18870358242762e-06
0.27		0.124874351735798		0.12487554375		1.19201420151205e-06
0.271		0.123191969297348		0.123193164604375		1.19530702676063e-06
0.272		0.121505942538052		0.12150714112		1.19858194778943e-06
0.273		0.119816299965521		0.119817501804375		1.2018388541174e-06
0.274		0.118123070192364		0.11812427527		1.20507763567979e-06
0.275		0.116426281936193		0.116427490234375		1.2082981818845e-06
0.276		0.114725964019618		0.11472717552		1.21150038231987e-06
0.277		0.113022145370248		0.113023360054375		1.21468412672687e-06
0.278		0.111314855020695		0.11131607287		1.21784930461055e-06
0.279		0.109604122108569		0.109605343104375		1.22099580550372e-06
0.28		0.107889975876481		0.1078912		1.22412351910572e-06
0.281		0.10617244567204		0.106173672904375		1.22723233483835e-06
0.282		0.104451560947858		0.10445279127		1.23032214227603e-06
0.283		0.102727351261544		0.102728584654375		1.23339283096546e-06
0.284		0.10099984627571		0.10100108272		1.23644429045333e-06
0.285		0.0992690757579648		0.099270315234375		1.23947641018918e-06
0.286		0.0975350695809202		0.0975363120699999		1.24248907966418e-06
0.287		0.0957978577221864		0.095799103204375		1.24548218857767e-06
0.288		0.0940574702643737		0.09405871872		1.24845562629594e-06
0.289		0.0923139373950927		0.0923151888043751		1.25140928237955e-06
0.29		0.0905672894069538		0.09056854375		1.25434304616701e-06
0.291		0.0888175566975677		0.0888188139543751		1.25725680738542e-06
0.292		0.0870647697695447		0.08706602992		1.26015045530392e-06
0.293		0.0853089592304954		0.085310222254375		1.26302387960797e-06
0.294		0.0835501557930303		0.08355142167		1.2658769696916e-06
0.295		0.0817883902747598		0.081789658984375		1.2687096152264e-06
0.296		0.0800236935982944		0.08002496512		1.27152170556477e-06
0.297		0.0782560967912447		0.078257371104375		1.27431313028115e-06
0.298		0.0764856309862211		0.07648690807		1.27708377888058e-06
0.299		0.0747123274208342		0.074713607254375		1.27983354088201e-06
0.3		0.0729362174376942		0.0729375		1.282562305846e-06
0.301		0.0711573324844118		0.071158617754375		1.28526996329148e-06
0.302		0.0693757041135972		0.06937699207		1.28795640275126e-06
0.303		0.0675913639828611		0.067592654604375		1.29062151395243e-06
0.304		0.0658043438548137		0.06580563712		1.29326518635842e-06
0.305		0.0640146755970655		0.064015971484375		1.29588730950203e-06
0.306		0.0622223911822269		0.06222368967		1.29848777315894e-06
0.307		0.0604275226879082		0.0604288237543751		1.30106646686889e-06
0.308		0.0586301022967199		0.05863140592		1.30362328012307e-06
0.309		0.0568301622962722		0.056831468454375		1.30615810278734e-06
0.31		0.0550277350791755		0.05502904375		1.30867082449859e-06
0.311		0.0532228531430401		0.053224164304375		1.31116133487291e-06
0.312		0.0514155490904763		0.05141686272		1.31362952370678e-06
0.313		0.0496058556290943		0.049607171704375		1.31607528067179e-06
0.314		0.0477938055715045		0.04779512407		1.31849849557136e-06
0.315		0.0459794318353169		0.045980752734375		1.3208990581326e-06
0.316		0.0441627674431418		0.04416409072		1.32327685817279e-06
0.317		0.0423438455225894		0.042345171154375		1.32563178555783e-06
0.318		0.0405226993062698		0.04052402727		1.32796373016747e-06
0.319		0.0386993621317931		0.038700692404375		1.33027258186758e-06
0.32		0.0368738674417695		0.0368752		1.33255823051015e-06
0.321		0.0350462487838089		0.035047583604375		1.33482056608597e-06
0.322		0.0332165398105214		0.03321787687		1.33705947859275e-06
0.323		0.031384774279517		0.031386113554375		1.33927485804208e-06
0.324		0.0295509860534056		0.0295523275199999		1.3414665942825e-06
0.325		0.0277152090997973		0.027716552734375		1.34363457775927e-06
0.326		0.0258774774913017		0.0258788232699999		1.34577869817867e-06
0.327		0.0240378254055289		0.024039173304375		1.34789884606579e-06
0.328		0.0221962871250887		0.02219763712		1.34999491133159e-06
0.329		0.0203528970375907		0.0203542491043749		1.35206678420971e-06
0.33		0.0185076896356449		0.01850904375		1.35411435509686e-06
0.331		0.0166606995168607		0.016662055654375		1.3561375142683e-06
0.332		0.014811961383848		0.01481331952		1.35813615193686e-06
0.333		0.0129615100442164		0.012962870154375		1.36011015858944e-06
0.334		0.0111093804105753		0.0111107424699999		1.36205942460541e-06
0.335		0.00925560750053441		0.00925697148437493		1.36398384052022e-06
0.336		0.00740022643670311		0.00740159231999998		1.36588329687284e-06
0.337		0.00554327244669086		0.00554464020437495		1.36775768409033e-06
0.338		0.00368478086310704		0.00368615046999998		1.36960689293758e-06
0.339		0.001824787123561		0.00182615855437496		1.3714308139557e-06
0.34		-3.66732293379869e-05		-3.53000000000159e-05		1.373229337971e-06
0.341		-0.00189956454798069		-0.00189818954562504		1.3750023556457e-06
0.342		-0.00376385107975791		-0.0037624743300001		1.37674975781528e-06
0.343		-0.00562949696706055		-0.00562811849562506		1.3784714354894e-06
0.344		-0.00749646624727951		-0.00749508608000005		1.38016727946246e-06
0.345		-0.00936472285280579		-0.00936334101562508		1.38183718070839e-06
0.346		-0.0112342306110304		-0.0112328471300001		1.38348103037589e-06
0.347		-0.0131049532443445		-0.0131035681456251		1.38509871945754e-06
0.348		-0.0149768543701393		-0.0149754676800001		1.38669013918617e-06
0.349		-0.0168498975008058		-0.016848509245625		1.38825518080157e-06
0.35		-0.0187240460437355		-0.0187226562500001		1.38979373539433e-06
0.351		-0.0205992633013197		-0.0205978719956251		1.39130569463963e-06
0.352		-0.0224755124709498		-0.02247411968		1.39279094982236e-06
0.353		-0.0243527566450172		-0.024351362395625		1.39424939225516e-06
0.354		-0.0262309588109136		-0.02622956313		1.39568091361494e-06
0.355		-0.0281100818510305		-0.0281086847656249		1.39708540552314e-06
0.356		-0.0299900885427596		-0.02998869008		1.39846275958033e-06
0.357		-0.0318709415584926		-0.031869541745625		1.39981286768898e-06
0.358		-0.0337526034656215		-0.03375120233		1.4011356214913e-06
0.359		-0.035635036726538		-0.035633634295625		1.40243091305281e-06
0.36		-0.0375182036986343		-0.0375168		1.40369863430717e-06
0.361		-0.0394020666343022		-0.039400661695625		1.40493867720193e-06
0.362		-0.041286587680934		-0.0412851815299999		1.40615093405239e-06
0.363		-0.0431717288809218		-0.0431703215456251		1.40733529677139e-06
0.364		-0.045057452171658		-0.0450560436799999		1.40849165804896e-06
0.365		-0.0469437193855348		-0.046942309765625		1.40961990987426e-06
0.366		-0.0488304922499449		-0.04882908153		1.41071994486791e-06
0.367		-0.0507177323872805		-0.0507163205956249		1.41179165560196e-06
0.368		-0.0526054013149345		-0.05260398848		1.41283493450273e-06
0.369		-0.0544934604452994		-0.054492046595625		1.41384967440594e-06
0.37		-0.0563818710857681		-0.05638045625		1.41483576808488e-06
0.371		-0.0582705944387335		-0.058269178645625		1.41579310851403e-06
0.372		-0.0601595916015885		-0.06015817488		1.41672158848749e-06
0.373		-0.0620488235667261		-0.062047405945625		1.41762110112548e-06
0.374		-0.0639382512215395		-0.0639368327299999		1.41849153958984e-06
0.375		-0.065827835348422		-0.065826416015625		1.41933279704243e-06
0.376		-0.0677175366247669		-0.06771611648		1.4201447669504e-06
0.377		-0.0696073156229676		-0.0696058946956249		1.42092734267685e-06
0.378		-0.0714971328104177		-0.07149571113		1.42168041765423e-06
0.379		-0.0733869485495107		-0.073385526145625		1.4224038856897e-06
0.38		-0.0752767230976405		-0.0752753		1.42309764052106e-06
0.381		-0.0771664166072008		-0.0771649928456249		1.42376157589996e-06
0.382		-0.0790559891255856		-0.07905456473		1.42439558564744e-06
0.383		-0.0809454005951889		-0.0809439755956249		1.42499956400088e-06
0.384		-0.0828346108534049		-0.08283318528		1.42557340487848e-06
0.385		-0.0847235796326277		-0.0847221535156251		1.4261170026425e-06
0.386		-0.0866122665602518		-0.08661083993		1.42663025184953e-06
0.387		-0.0885006311586716		-0.088499204045625		1.42711304661203e-06
0.388		-0.0903886328452817		-0.09038720528		1.42756528169474e-06
0.389		-0.0922762309324769		-0.092274802945625		1.42798685190404e-06
0.39		-0.0941633846276518		-0.0941619562500001		1.42837765171322e-06
0.391		-0.0960500530332015		-0.096048624295625		1.42873757645601e-06
0.392		-0.0979361951465209		-0.09793476608		1.42906652093877e-06
0.393		-0.0998217698600053		-0.0998203404956251		1.42936438014829e-06
0.394		-0.10170673596105		-0.10170530633		1.42963104973748e-06
0.395		-0.10359105213205		-0.103589622265625		1.42986642490128e-06
0.396		-0.105474676950401		-0.10547324688		1.43007040119547e-06
0.397		-0.107357568888499		-0.107356138645625		1.4302428742452e-06
0.398		-0.10923968631374		-0.10923825593		1.4303837397589e-06
0.399		-0.111120987488519		-0.111119556995625		1.43049289373642e-06
0.4		-0.113001430570232		-0.113		1.430570232136e-06
0.401		-0.114880973611276		-0.114879542995625		1.43061565115177e-06
0.402		-0.116759574559047		-0.11675814393		1.43062904700564e-06
0.403		-0.118637191255941		-0.118635760645625		1.43061031628033e-06
0.404		-0.120513781439355		-0.12051235088		1.43055935532266e-06
0.405		-0.122389302741686		-0.122387872265625		1.43047606086799e-06
0.406		-0.12426371269033		-0.12426228233		1.430360329846e-06
0.407		-0.126136968707684		-0.126135538495625		1.43021205925575e-06
0.408		-0.128009028111146		-0.12800759808		1.43003114599916e-06
0.409		-0.129879848113112		-0.129878418295625		1.42981748715854e-06
0.41		-0.131749385820981		-0.13174795625		1.42957098067664e-06
0.411		-0.133617598237149		-0.133616168945625		1.42929152377458e-06
0.412		-0.135484442259014		-0.13548301328		1.42897901417305e-06
0.413		-0.137349874678975		-0.137348446045625		1.42863334948173e-06
0.414		-0.139213852184428		-0.13921242393		1.42825442800421e-06
0.415		-0.141076331357773		-0.141074903515625		1.42784214773872e-06
0.416		-0.142937268676407		-0.14293584128		1.42739640709988e-06
0.417		-0.144796620512729		-0.144795193595625		1.42691710430798e-06
0.418		-0.146654343134138		-0.14665291673		1.42640413808293e-06
0.419		-0.148510392703032		-0.148508966845625		1.42585740700585e-06
0.42		-0.15036472527681		-0.1503633		1.42527681021298e-06
0.421		-0.152217296807872		-0.152215872145625		1.4246622467573e-06
0.422		-0.154068063143616		-0.15406663913		1.42401361571953e-06
0.423		-0.155916980026442		-0.155915556695625		1.42333081659674e-06
0.424		-0.157764003093749		-0.15776258048		1.42261374896924e-06
0.425		-0.159609087877937		-0.159607666015625		1.42186231238961e-06
0.426		-0.161452189806407		-0.16145076873		1.42107640710432e-06
0.427		-0.163293264201558		-0.163291843945625		1.42025593291573e-06
0.428		-0.16513226628079		-0.16513084688		1.41940079018132e-06
0.429		-0.166969151156504		-0.166967732645625		1.41851087936962e-06
0.43		-0.168803873836101		-0.16880245625		1.41758610075482e-06
0.431		-0.17063638922198		-0.170634972595625		1.41662635547157e-06
0.432		-0.172466652111544		-0.17246523648		1.41563154440472e-06
0.433		-0.174294617197193		-0.174293202595625		1.4146015684946e-06
0.434		-0.176120239066329		-0.17611882553		1.41353632926444e-06
0.435		-0.177943472201353		-0.177942059765625		1.41243572807093e-06
0.436		-0.179764270979667		-0.17976285968		1.41129966654829e-06
0.437		-0.181582589673672		-0.181581179545625		1.41012804677487e-06
0.438		-0.183398382450771		-0.18339697353		1.40892077071797e-06
0.439		-0.185211603373366		-0.185210195695625		1.40767774067796e-06
0.44		-0.187022206398859		-0.1870208		1.40639885909399e-06
0.441		-0.188830145379654		-0.188828740295625		1.40508402857176e-06
0.442		-0.190635374063152		-0.19063397033		1.40373315210551e-06
0.443		-0.192437846091757		-0.192436443745625		1.40234613249524e-06
0.444		-0.194237515002873		-0.19423611408		1.40092287312377e-06
0.445		-0.196034334228902		-0.196032934765625		1.39946327751272e-06
0.446		-0.197828257097249		-0.19782685913		1.39796724898944e-06
0.447		-0.199619236830317		-0.199617840395625		1.39643469168615e-06
0.448		-0.20140722654551		-0.20140583168		1.39486550973511e-06
0.449		-0.203192179255232		-0.203190785995625		1.39325960701875e-06
0.45		-0.204974047866889		-0.20497265625		1.39161688850198e-06
0.451		-0.206752785182884		-0.206751395245625		1.38993725853909e-06
0.452		-0.208528343900622		-0.20852695568		1.38822062240029e-06
0.453		-0.21030067661251		-0.210299290145625		1.38646688491173e-06
0.454		-0.212069735805951		-0.21206835113		1.38467595145464e-06
0.455		-0.213835473863353		-0.213834091015625		1.38284772768782e-06
0.456		-0.215597843062119		-0.21559646208		1.38098211946436e-06
0.457		-0.217356795574658		-0.217355416495625		1.37907903258183e-06
0.458		-0.219112283468374		-0.21911090633		1.37713837358722e-06
0.459		-0.220864258705674		-0.220862883545625		1.37516004880545e-06
0.46		-0.222612673143965		-0.2226113		1.37314396506105e-06
0.461		-0.224357478535654		-0.224356107445625		1.37109002923408e-06
0.462		-0.226098626528148		-0.22609725753		1.36899814834335e-06
0.463		-0.227836068663855		-0.227834701795625		1.36686822996279e-06
0.464		-0.229569756380182		-0.22956839168		1.36470018186063e-06
0.465		-0.231299641009537		-0.231298278515625		1.36249391172183e-06
0.466		-0.233025673779328		-0.23302431353		1.36024932786971e-06
0.467		-0.234747805811964		-0.234746447845625		1.3579663385721e-06
0.468		-0.236465988124853		-0.23646463248		1.35564485265194e-06
0.469		-0.238180171630404		-0.238178818345625		1.35328477893215e-06
0.47		-0.239890307136027		-0.23988895625		1.35088602656874e-06
0.471		-0.24159634534413		-0.241594996895625		1.34844850482874e-06
0.472		-0.243298236852124		-0.24329689088		1.34597212361753e-06
0.473		-0.244995932152418		-0.244994588695625		1.34345679250747e-06
0.474		-0.246689381632422		-0.24668804073		1.34090242201457e-06
0.475		-0.248378535574548		-0.248377197265625		1.33830892229403e-06
0.476		-0.250063344156205		-0.25006200848		1.33567620458352e-06
0.477		-0.251743757449804		-0.251742424445625		1.33300417931581e-06
0.478		-0.253419725422758		-0.25341839513		1.33029275767305e-06
0.479		-0.255091197937477		-0.255089870395625		1.32754185172557e-06
0.48		-0.256758124751373		-0.2567568		1.32475137287758e-06
0.481		-0.258420455516858		-0.258419133595625		1.32192123297736e-06
0.482		-0.260078139781345		-0.26007682073		1.31905134487242e-06
0.483		-0.261731126987246		-0.261729810845625		1.31614162102167e-06
0.484		-0.263379366471974		-0.26337805328		1.31319197421709e-06
0.485		-0.265022807467943		-0.265021497265625		1.31020231786128e-06
0.486		-0.266661399102565		-0.26666009193		1.3071725651348e-06
0.487		-0.268295090398255		-0.268293786295625		1.30410263010639e-06
0.488		-0.269923830272427		-0.26992252928		1.30099242662274e-06
0.489		-0.271547567537494		-0.271546269695625		1.29784186936321e-06
0.49		-0.273166250900873		-0.27316495625		1.29465087272962e-06
0.491		-0.274779828964977		-0.274778537545625		1.29141935190091e-06
0.492		-0.276388250227222		-0.27638696208		1.28814722188952e-06
0.493		-0.277991463080023		-0.277990178245625		1.28483439848504e-06
0.494		-0.279589415810797		-0.27958813433		1.28148079747703e-06
0.495		-0.28118205660196		-0.281180778515625		1.27808633515469e-06
0.496		-0.282769333530928		-0.28276805888		1.27465092797374e-06
0.497		-0.284351194570118		-0.284349923395625		1.27117449261194e-06
0.498		-0.285927587586946		-0.28592631993		1.26765694635766e-06
0.499		-0.287498460343832		-0.287497196245625		1.26409820661033e-06
0.5		-0.289063760498191		-0.2890625		1.26049819121343e-06
0.501		-0.290623435602443		-0.290622178745625		1.25685681828802e-06
0.502		-0.292177433104006		-0.29217617993		1.25317400634373e-06
0.503		-0.293725700345299		-0.293724450895625		1.24944967394569e-06
0.504		-0.29526818456374		-0.29526693888		1.24568374049172e-06
0.505		-0.29680483289175		-0.296803591015625		1.2418761252686e-06
0.506		-0.298335592356748		-0.29833435433		1.23802674811824e-06
0.507		-0.299860409881154		-0.299859175745625		1.23413552893803e-06
0.508		-0.301379232282388		-0.30137800208		1.23020238834703e-06
0.509		-0.302892006272872		-0.302890780045625		1.22622724735288e-06
0.51		-0.304398678460027		-0.30439745625		1.22221002674117e-06
0.511		-0.305899195346273		-0.305897977195625		1.21815064835218e-06
0.512		-0.307393503329034		-0.30739228928		1.21404903374867e-06
0.513		-0.308881548700731		-0.308880338795625		1.20990510538155e-06
0.514		-0.310363277648786		-0.31036207193		1.20571878609033e-06
0.515		-0.311838636255623		-0.311837434765625		1.2014899982149e-06
0.516		-0.313307570498666		-0.31330637328		1.19721866553846e-06
0.517		-0.314770026250337		-0.314768833345625		1.19290471167766e-06
0.518		-0.316225949278061		-0.31622476073		1.18854806063773e-06
0.519		-0.317675285244262		-0.317674101095625		1.18414863692351e-06
0.52		-0.319117979706365		-0.3191168		1.17970636498432e-06
0.521		-0.320553978116796		-0.320552802895625		1.17522117071278e-06
0.522		-0.321983225822979		-0.32198205513		1.17069297905781e-06
0.523		-0.323405668067342		-0.323404501945625		1.16612171641162e-06
0.524		-0.324821249987309		-0.32482008848		1.16150730911091e-06
0.525		-0.326229916615308		-0.326228759765625		1.15684968343688e-06
0.526		-0.327631612878767		-0.32763046073		1.152148767114e-06
0.527		-0.329026283600112		-0.329025136195625		1.14740448747819e-06
0.528		-0.330413873496772		-0.33041273088		1.14261677247596e-06
0.529		-0.331794327181175		-0.331793189395625		1.13778555027588e-06
0.53		-0.33316758916075		-0.33316645625		1.13291075010125e-06
0.531		-0.334533603837926		-0.334532475845625		1.12799230084226e-06
0.532		-0.335892315510132		-0.33589119248		1.1230301321663e-06
0.533		-0.337243668369799		-0.337242550345625		1.11802417440687e-06
0.534		-0.338587606504357		-0.33858649353		1.11297435756441e-06
0.535		-0.339924073896237		-0.339922966015625		1.10788061224998e-06
0.536		-0.34125301442287		-0.34125191168		1.10274287057344e-06
0.537		-0.342574371856689		-0.342573274295625		1.09756106370096e-06
0.538		-0.343888089865124		-0.34388699753		1.09233512379792e-06
0.539		-0.345194112010609		-0.345193024945625		1.08706498369582e-06
0.54		-0.346492381750576		-0.3464913		1.08175057611515e-06
0.541		-0.34778284243746		-0.347781766045625		1.07639183527519e-06
0.542		-0.349065437318695		-0.34906436633		1.07098869439604e-06
0.543		-0.350340109536713		-0.350339043995625		1.06554108808554e-06
0.544		-0.351606802128952		-0.35160574208		1.06004895172873e-06
0.545		-0.352865458027845		-0.352864403515625		1.05451221948938e-06
0.546		-0.354116020060828		-0.35411497113		1.04893082802926e-06
0.547		-0.355358430950339		-0.355357387645625		1.04330471351055e-06
0.548		-0.356592633313812		-0.35659159568		1.03763381259503e-06
0.549		-0.357818569663687		-0.357817537745625		1.03191806188896e-06
0.55		-0.3590361824074		-0.35903515625		1.02615739999701e-06
0.551		-0.36024541384739		-0.360244393495625		1.02035176452464e-06
0.552		-0.361446206181094		-0.36144519168		1.0145010939655e-06
0.553		-0.362638501500953		-0.362637492895625		1.00860532831204e-06
0.554		-0.363822241794406		-0.36382123913		1.0026644060579e-06
0.555		-0.364997368943893		-0.364996372265625		9.9667826786165e-07
0.556		-0.366163824726855		-0.36616283408		9.90646854603927e-07
0.557		-0.367321550815732		-0.367320566245625		9.84570106832283e-07
0.558		-0.368470488777967		-0.36846951033		9.7844796675961e-07
0.559		-0.369610580076001		-0.369609607795625		9.72280376043688e-07
0.56		-0.370741766067278		-0.3707408		9.66067277619054e-07
0.561		-0.37186398800424		-0.371863028195625		9.59808614697799e-07
0.562		-0.372977187034331		-0.37297623353		9.53504330880595e-07
0.563		-0.374081304199995		-0.374080357045625		9.47154370323222e-07
0.564		-0.375176280438678		-0.37517533968		9.40758677792086e-07
0.565		-0.376262056582824		-0.376261122265625		9.3431719894177e-07
0.566		-0.377338573359879		-0.37733764553		9.27829879260322e-07
0.567		-0.37840577139229		-0.378404850095625		9.21296665346016e-07
0.568		-0.379463591197504		-0.37946267648		9.14717504019169e-07
0.569		-0.380511973187968		-0.380511065095625		9.08092342766231e-07
0.57		-0.38155085767113		-0.38154995625		9.0142112985081e-07
0.571		-0.382580184849439		-0.382579290145625		8.94703813647535e-07
0.572		-0.383599894820344		-0.38359900688		8.87940343474725e-07
0.573		-0.384609927576294		-0.384609046445625		8.81130669372343e-07
0.574		-0.385610223004741		-0.38560934873		8.74274741102798e-07
0.575		-0.386600720888135		-0.386599853515625		8.67372509705255e-07
0.576		-0.387581360903927		-0.38758050048		8.60423927384613e-07
0.577		-0.38855208262457		-0.388551229195625		8.53428945291057e-07
0.578		-0.389512825517517		-0.38951197913		8.46387516850733e-07
0.579		-0.39046352894522		-0.390462689645625		8.39299595101206e-07
0.58		-0.391404132165133		-0.3914033		8.32165133524132e-07
0.581		-0.392334574329712		-0.392333749345625		8.24984086933434e-07
0.582		-0.393254794486411		-0.39325397673		8.17756411086723e-07
0.583		-0.394164731577685		-0.394163921095625		8.10482060353834e-07
0.584		-0.395064324440992		-0.39506352128		8.03160992213225e-07
0.585		-0.395953511808788		-0.395952716015625		7.95793163366199e-07
0.586		-0.396832232308531		-0.39683144393		7.88378531180189e-07
0.587		-0.397700424462679		-0.397699643545625		7.80917054077346e-07
0.588		-0.398558026688691		-0.39855725328		7.73408691090438e-07
0.589		-0.399404977299027		-0.399404211445625		7.65853402140415e-07
0.59		-0.400241214501146		-0.40024045625		7.58251146260047e-07
0.591		-0.40106667639751		-0.401065925795625		7.50601885257662e-07
0.592		-0.40188130098558		-0.40188055808		7.42905580441988e-07
0.593		-0.402685026157819		-0.402684290995625		7.35162194120953e-07
0.594		-0.403477789701689		-0.40347706233		7.27371688991063e-07
0.595		-0.404259529299654		-0.404258809765625		7.1953402897007e-07
0.596		-0.405030182529178		-0.40502947088		7.11649177587148e-07
0.597		-0.405789686862725		-0.405788983145625		7.03717100314361e-07
0.598		-0.406537979667763		-0.40653728393		6.95737762790305e-07
0.599		-0.407274998206756		-0.407274310495625		6.87711131264201e-07
0.6		-0.408000679637172		-0.408		6.7963717248487e-07
0.601		-0.40871496101148		-0.408714289495625		6.71515854477889e-07
0.602		-0.409417779277146		-0.40941711593		6.63347145823945e-07
0.603		-0.410109071276641		-0.410108416145625		6.55131015658839e-07
0.604		-0.410788773747434		-0.41078812688		6.46867433840015e-07
0.605		-0.411456823321996		-0.411456184765625		6.38556371224119e-07
0.606		-0.412113156527799		-0.41211252633		6.3019779877882e-07
0.607		-0.412757709787314		-0.412757087995625		6.21791688748541e-07
0.608		-0.413390419418015		-0.41338980608		6.13338014876508e-07
0.609		-0.414011221632375		-0.414010616795625		6.04836749906745e-07
0.61		-0.414620052537869		-0.41461945625		5.96287868415146e-07
0.611		-0.415216848136971		-0.415216260445625		5.8769134625436e-07
0.612		-0.415801544327159		-0.41580096528		5.79047158943968e-07
0.613		-0.416374076900908		-0.416373506545625		5.70355282891732e-07
0.614		-0.416934381545697		-0.41693381993		5.61615696947904e-07
0.615		-0.417482393844003		-0.417481841015625		5.52828378019843e-07
0.616		-0.418018049273306		-0.41801750528		5.4399330634558e-07
0.617		-0.418541283206086		-0.418540748095625		5.35110461497013e-07
0.618		-0.419052030909824		-0.41905150473		5.2617982421177e-07
0.619		-0.419550227547002		-0.419549710345625		5.17201376393217e-07
0.62		-0.420035808175101		-0.4200353		5.08175100666364e-07
0.621		-0.420508707746605		-0.420508208645625		4.99100980211331e-07
0.622		-0.420968861108999		-0.42096837113		4.89978998874374e-07
0.623		-0.421416203004767		-0.421415722195625		4.80809141889527e-07
0.624		-0.421850668071396		-0.42185019648		4.71591395656557e-07
0.625		-0.422272190841371		-0.422271728515625		4.62325746297676e-07
0.626		-0.422680705742182		-0.42268025273		4.53012181711454e-07
0.627		-0.423076147096315		-0.423075703445625		4.43650690240549e-07
0.628		-0.423458449121261		-0.42345801488		4.34241261448864e-07
0.629		-0.42382754592951		-0.423827121145625		4.24783885566438e-07
0.63		-0.424183371528554		-0.42418295625		4.15278553933529e-07
0.631		-0.424525859820884		-0.424525454095625		4.05725258556533e-07
0.632		-0.424854944603993		-0.42485454848		3.961239927186e-07
0.633		-0.425170559570375		-0.425170173095625		3.86474750257992e-07
0.634		-0.425472638307526		-0.42547226153		3.76777526123195e-07
0.635		-0.425761114297941		-0.425760747265625		3.67032315984339e-07
0.636		-0.426035920919117		-0.42603556368		3.57239117065866e-07
0.637		-0.426296991443552		-0.426296644045625		3.47397927036308e-07
0.638		-0.426544259038745		-0.42654392153		3.37508744563397e-07
0.639		-0.426777656767194		-0.426777329195625		3.27571569258556e-07
0.64		-0.426997117586401		-0.4269968		3.17586400733205e-07
0.641		-0.427202574348867		-0.427202266795625		3.07553241818415e-07
0.642		-0.427393959802095		-0.42739366233		2.97472095178719e-07
0.643		-0.42757120658859		-0.427570919245625		2.8734296475541e-07
0.644		-0.427734247245855		-0.42773397008		2.77165855544492e-07
0.645		-0.427883014206398		-0.427882747265625		2.66940772764013e-07
0.646		-0.428017439797724		-0.42801718313		2.56667723741444e-07
0.647		-0.428137456242341		-0.428137209895625		2.46346716081813e-07
0.648		-0.428242995657759		-0.42824275968		2.35977758611394e-07
0.649		-0.428333990056487		-0.428333764495625		2.25560862265883e-07
0.65		-0.428410371346037		-0.42841015625		2.15096036759732e-07
0.651		-0.42847207132892		-0.428471866745625		2.04583294804994e-07
0.652		-0.42851902170265		-0.42851882768		1.94022649557812e-07
0.653		-0.428551154059741		-0.428550970645625		1.83414116061709e-07
0.654		-0.428568399887709		-0.42856822713		1.72757708916116e-07
0.655		-0.42857069056907		-0.428570528515625		1.62053445051935e-07
0.656		-0.428557957381343		-0.42855780608		1.51301342732335e-07
0.657		-0.428530131497045		-0.428529990995625		1.40501420109462e-07
0.658		-0.428487143983697		-0.42848701433		1.29653697278354e-07
0.659		-0.428428925803821		-0.428428807045625		1.18758196165913e-07
0.66		-0.428355407814938		-0.4283553		1.07814938254958e-07
0.661		-0.428266520769573		-0.428266423945625		9.68239476928368e-08
0.662		-0.428162195315249		-0.42816210953		8.57852490709909e-08
0.663		-0.428042361994493		-0.428042287295625		7.46988685351724e-08
0.664		-0.427906951244833		-0.42790688768		6.35648330638006e-08
0.665		-0.427755893398796		-0.427755841015625		5.23831709120515e-08
0.666		-0.427589118683912		-0.42758907753		4.11539122779914e-08
0.667		-0.427406557222713		-0.427406527345625		2.98770876927534e-08
0.668		-0.42720813903273		-0.42720812048		1.85527296858723e-08
0.669		-0.426993794026496		-0.426993786845625		7.18087156403868e-09
0.67		-0.426763452011548		-0.42676345625		4.23845214481133e-09
0.671		-0.42651704269042		-0.426517058395625		1.57052054139406e-08
0.672		-0.42625449566065		-0.42625452288		2.72193498296325e-08
0.673		-0.425975740414777		-0.425975779195625		3.87808480328822e-08
0.674		-0.425680706340341		-0.42568075673		5.03896591674824e-08
0.675		-0.425369322719883		-0.425369384765625		6.20457420996701e-08
0.676		-0.425041518730946		-0.42504159248		7.3749054196881e-08
0.677		-0.424697223446074		-0.424697308945625		8.54995512167278e-08
0.678		-0.424336365832813		-0.42433646313		9.72971869184214e-08
0.679		-0.42395887475371		-0.423958983895625		1.09141915116684e-07
0.68		-0.423564678966312		-0.4235648		1.21033687461303e-07
0.681		-0.423153707123171		-0.423153840095625		1.32972453992242e-07
0.682		-0.422725887771836		-0.42272603273		1.44958163472708e-07
0.683		-0.422281149354862		-0.422281306345625		1.56990763389153e-07
0.684		-0.421819420209801		-0.42181958928		1.69070199451671e-07
0.685		-0.421340628569209		-0.421340809765625		1.81196415871554e-07
0.686		-0.420844702560644		-0.42084489593		1.93369355694362e-07
0.687		-0.420331570206665		-0.420331775795625		2.05588960133785e-07
0.688		-0.419801159424831		-0.41980137728		2.17855168849201e-07
0.689		-0.419253398027704		-0.419253628195625		2.30167920889368e-07
0.69		-0.418688213722848		-0.41868845625		2.42527152138905e-07
0.691		-0.418105534112827		-0.418105789045625		2.54932797760787e-07
0.692		-0.417505286695208		-0.41750555408		2.67384792029812e-07
0.693		-0.416887398862559		-0.416887678745625		2.79883065890107e-07
0.694		-0.41625179790245		-0.41625209033		2.92427550063756e-07
0.695		-0.415598410997452		-0.415598716015625		3.05018173163418e-07
0.696		-0.414927165225138		-0.41492748288		3.17654862469485e-07
0.697		-0.414237987558082		-0.414238317895625		3.30337542986392e-07
0.698		-0.413530804863862		-0.41353114793		3.43066138275283e-07
0.699		-0.412805543905054		-0.412805899745625		3.55840570731569e-07
0.7		-0.41206213133924		-0.4120625		3.68660760363682e-07
0.701		-0.411300493719		-0.411300875245625		3.81526624959605e-07
0.702		-0.410520557491918		-0.41052095193		3.94438082196302e-07
0.703		-0.409722249000578		-0.409722656395625		4.07395046753134e-07
0.704		-0.408905494482569		-0.40890591488		4.2039743136657e-07
0.705		-0.408070220070477		-0.408070653515625		4.33445147662859e-07
0.706		-0.407216351791895		-0.40721679833		4.46538104992289e-07
0.707		-0.406343815569414		-0.406344275245625		4.59676210873283e-07
0.708		-0.405452537220629		-0.40545301008		4.72859371380974e-07
0.709		-0.404542442458135		-0.404542928545625		4.86087490259024e-07
0.71		-0.403613456889531		-0.40361395625		4.99360468697585e-07
0.711		-0.402665506017417		-0.402666018695625		5.12678207664763e-07
0.712		-0.401698515239395		-0.40169904128		5.26040605297595e-07
0.713		-0.400712409848068		-0.400712949295625		5.39447557124095e-07
0.714		-0.399707115031043		-0.39970766793		5.52898956618364e-07
0.715		-0.398682555870928		-0.398683122265625		5.66394696976946e-07
0.716		-0.397638657345332		-0.39763923728		5.79934667621629e-07
0.717		-0.396575344326868		-0.396575937845625		5.93518756863975e-07
0.718		-0.39549254158315		-0.39549314873		6.07146850239992e-07
0.719		-0.394390173776793		-0.394390794595625		6.20818831620351e-07
0.72		-0.393268165465417		-0.3932688		6.34534582821811e-07
0.721		-0.392126441101642		-0.392127089395625		6.48293983107617e-07
0.722		-0.39096492503309		-0.39096558713		6.62096909742615e-07
0.723		-0.389783541502387		-0.389784217445625		6.75943237715693e-07
0.724		-0.388582214647159		-0.38858290448		6.89832840294891e-07
0.725		-0.387360868500037		-0.387361572265625		7.03765588028205e-07
0.726		-0.386119426988651		-0.38612014473		7.17741349243184e-07
0.727		-0.384857813935636		-0.384858545695625		7.31759989602843e-07
0.728		-0.383575953058627		-0.38357669888		7.45821372327704e-07
0.729		-0.382273767970265		-0.382274527895625		7.59925360527269e-07
0.73		-0.380951182178189		-0.38095195625		7.74071811593391e-07
0.731		-0.379608119085042		-0.379608907345625		7.88260582473832e-07
0.732		-0.378244501988472		-0.37824530448		8.02491527951421e-07
0.733		-0.376860254081126		-0.376861070845625		8.16764498423606e-07
0.734		-0.375455298450655		-0.37545612953		8.31079344509877e-07
0.735		-0.374029558079713		-0.374030403515625		8.45435912277814e-07
0.736		-0.372582955845955		-0.37258381568		8.59834044963925e-07
0.737		-0.37111541452204		-0.371116288795625		8.74273585027563e-07
0.738		-0.369626856775628		-0.36962774553		8.88754371430878e-07
0.739		-0.368117205169385		-0.368118108445625		9.03276240193929e-07
0.74		-0.366586382160976		-0.3665873		9.17839024616729e-07
0.741		-0.36503431010307		-0.365035242545625		9.32442555112711e-07
0.742		-0.363460911243339		-0.36346185833		9.47086661484686e-07
0.743		-0.361866107724458		-0.361867069495625		9.61771167151682e-07
0.744		-0.360249821584104		-0.36025079808		9.76495895421703e-07
0.745		-0.358611974754958		-0.358612966015625		9.91260667215776e-07
0.746		-0.356952489064703		-0.35695349513		1.00606529690461e-06
0.747		-0.355271286236025		-0.355272307145625		1.02090959991363e-06
0.748		-0.353568287886613		-0.35356932368		1.03579338733839e-06
0.749		-0.351843415529158		-0.351844466245625		1.05071646694377e-06
0.75		-0.350096590571357		-0.35009765625		1.06567864294194e-06
0.751		-0.348327734315907		-0.348328814995625		1.0806797182128e-06
0.752		-0.346536767960509		-0.34653786368		1.09571949058473e-06
0.753		-0.344723612597868		-0.344724723395625		1.11079775672041e-06
0.754		-0.342888189215692		-0.34288931513		1.12591430806441e-06
0.755		-0.34103041869669		-0.341031559765625		1.14106893472909e-06
0.756		-0.339150221818577		-0.33915137808		1.15626142277447e-06
0.757		-0.337247519254071		-0.337248690745625		1.17149155437479e-06
0.758		-0.335322231570891		-0.33532341833		1.1867591092618e-06
0.759		-0.333374279231763		-0.333375481295625		1.20206386222677e-06
0.76		-0.331403582594413		-0.3314048		1.21740558745032e-06
0.761		-0.329410061911572		-0.329411294695625		1.23278405339544e-06
0.762		-0.327393637330975		-0.32739488553		1.24819902447282e-06
0.763		-0.32535422889536		-0.325355492545625		1.26365026442699e-06
0.764		-0.323291756542469		-0.32329303568		1.2791375311183e-06
0.765		-0.321206140105047		-0.321207434765625		1.29466057857686e-06
0.766		-0.319097299310842		-0.31909860953		1.31021915777962e-06
0.767		-0.316965153782608		-0.316966479595625		1.32581301703905e-06
0.768		-0.314809623038101		-0.31481096448		1.34144189850582e-06
0.769		-0.312630626490083		-0.312631983595625		1.3571055420547e-06
0.77		-0.310428083446316		-0.310429456250001		1.37280368467385e-06
0.771		-0.30820191310957		-0.308203301645625		1.38853605535783e-06
0.772		-0.305952034577617		-0.30595343888		1.40430238293465e-06
0.773		-0.303678366843233		-0.303679786945625		1.42010239212453e-06
0.774		-0.301380828794199		-0.30138226473		1.43593580026469e-06
0.775		-0.299059339213301		-0.299060791015625		1.45180232374864e-06
0.776		-0.296713816778326		-0.29671528448		1.46770167358534e-06
0.777		-0.29434418006207		-0.294345663695625		1.48363355539916e-06
0.778		-0.291950347532328		-0.29195184713		1.49959767153929e-06
0.779		-0.289532237551904		-0.289533753145625		1.51559372052468e-06
0.78		-0.287089768378605		-0.2870913		1.53162139543417e-06
0.781		-0.284622858165241		-0.284624405845624		1.54768038379549e-06
0.782		-0.282131424959629		-0.28213298873		1.56377037119348e-06
0.783		-0.279615386704589		-0.279616966595625		1.57989103632961e-06
0.784		-0.277074661237947		-0.277076257279999		1.59604205224317e-06
0.785		-0.274509166292534		-0.274510778515625		1.6122230914184e-06
0.786		-0.271918819496184		-0.27192044793		1.62843381651401e-06
0.787		-0.269303538371738		-0.269305183045625		1.64467388702461e-06
0.788		-0.266663240337041		-0.26666490128		1.66094295905861e-06
0.789		-0.263997842704944		-0.263999519945624		1.67724068067532e-06
0.79		-0.261307262683302		-0.26130895625		1.6935666977691e-06
0.791		-0.258591417374977		-0.258593127295625		1.70992064812969e-06
0.792		-0.255850223777834		-0.25585195008		1.72630216577208e-06
0.793		-0.253083598784747		-0.253085341495625		1.74271087793887e-06
0.794		-0.250291459183592		-0.25029321833		1.75914640798691e-06
0.795		-0.247473721657252		-0.247475497265625		1.77560837302804e-06
0.796		-0.244630302783616		-0.24463209488		1.79209638348499e-06
0.797		-0.24176111903558		-0.241762927645625		1.80861004508981e-06
0.798		-0.238866086781043		-0.23886791193		1.82514895691321e-06
0.799		-0.235945122282913		-0.235946963995625		1.84171271183642e-06
0.8		-0.232998141699102		-0.233		1.85830089813321e-06
0.801		-0.230025061082528		-0.230026935995625		1.87491309650012e-06
0.802		-0.227025796381119		-0.22702768793		1.89154888113885e-06
0.803		-0.224000263437804		-0.224002171645625		1.9082078209498e-06
0.804		-0.220948377990523		-0.22095030288		1.92488947717284e-06
0.805		-0.217870055672219		-0.217871997265625		1.9415934051914e-06
0.806		-0.214765212010846		-0.21476717033		1.95831915320022e-06
0.807		-0.211633762429362		-0.211635737495625		1.97506626309352e-06
0.808		-0.208475622245731		-0.20847761408		1.99183426860539e-06
0.809		-0.205290706672927		-0.205292715295625		2.00862269825186e-06
0.81		-0.202078930818929		-0.20208095625		2.02543107077902e-06
0.811		-0.198840209686725		-0.198842251945625		2.04225890018672e-06
0.812		-0.195574458174308		-0.19557651728		2.05910569173184e-06
0.813		-0.192281591074683		-0.192283667045624		2.07597094159517e-06
0.814		-0.188961523075857		-0.18896361593		2.09285414232152e-06
0.815		-0.18561416876085		-0.185616278515625		2.10975477449304e-06
0.816		-0.182239442607687		-0.182241569279999		2.12667231205832e-06
0.817		-0.178837258989403		-0.178839402595625		2.14360622230458e-06
0.818		-0.175407532174039		-0.17540969273		2.16055596174991e-06
0.819		-0.171950176324646		-0.171952353845625		2.17752097897428e-06
0.82		-0.168465105499284		-0.1684673		2.19450071586857e-06
0.821		-0.164952233651021		-0.164954445145625		2.21149460349901e-06
0.822		-0.161411474627934		-0.16141370313		2.22850206585412e-06
0.823		-0.15784274217311		-0.157844987695625		2.24552251459897e-06
0.824		-0.154245949924644		-0.15424821248		2.26255535595854e-06
0.825		-0.15062101141564		-0.150623291015624		2.27959998400085e-06
0.826		-0.146967840074215		-0.14697013673		2.29665578516114e-06
0.827		-0.143286349223491		-0.143288662945625		2.3137221338565e-06
0.828		-0.139576452081603		-0.13957878288		2.33079839667694e-06
0.829		-0.135838061761697		-0.135840409645624		2.34788392733387e-06
0.83		-0.132071091271927		-0.13207345625		2.36497807315494e-06
0.831		-0.128275453515458		-0.128277835595625		2.38208016639652e-06
0.832		-0.124451061290468		-0.124453460479999		2.39918953107154e-06
0.833		-0.120597827290144		-0.120600243595625		2.41630548114546e-06
0.834		-0.116715664102684		-0.11671809753		2.43342731616469e-06
0.835		-0.112804484211299		-0.112806934765625		2.4505543259612e-06
0.836		-0.108864199994211		-0.10886666768		2.4676857890843e-06
0.837		-0.104894723724653		-0.104897208545625		2.48482097214842e-06
0.838		-0.100895967570872		-0.10089846953		2.50195912814e-06
0.839		-0.0968678435961266		-0.0968703626956255		2.51909949892937e-06
0.84		-0.092810263758688		-0.0928128000000004		2.53624131235641e-06
0.841		-0.0887231399118405		-0.0887256932956251		2.55338378453429e-06
0.842		-0.0846063838038818		-0.0846089543300002		2.5705261183645e-06
0.843		-0.0804599070781229		-0.0804624947456252		2.5876675022185e-06
0.844		-0.076283621272889		-0.0762862260799997		2.60480711064548e-06
0.845		-0.0720774378215192		-0.0720800597656255		2.62194410623195e-06
0.846		-0.0678412680523672		-0.0678439071300003		2.63907763307925e-06
0.847		-0.0635750231888015		-0.0635776793956251		2.65620682363132e-06
0.848		-0.0592786143492055		-0.0592812876799997		2.6733307942825e-06
0.849		-0.0549519525469783		-0.0549546429956251		2.69044864686235e-06
0.85		-0.0505949486905347		-0.0505976562500003		2.70755946560342e-06
0.851		-0.0462075135833059		-0.0462102382456253		2.72466231945878e-06
0.852		-0.0417895579237392		-0.0417922996800004		2.74175626123474e-06
0.853		-0.0373409923052992		-0.0373437511456256		2.75884032639034e-06
0.854		-0.0328617272164677		-0.0328645031300003		2.77591353258638e-06
0.855		-0.0283516730407443		-0.0283544660156254		2.79297488106622e-06
0.856		-0.0238107400566467		-0.0238135500800007		2.81002335405026e-06
0.857		-0.0192388384377111		-0.0192416654956249		2.82705791379567e-06
0.858		-0.0146358782524929		-0.01463872233		2.84407750707899e-06
0.859		-0.0100017694645669		-0.0100046305456249		2.86108105804379e-06
0.86		-0.00533642193252798		-0.0053393000000006		2.87806747262601e-06
0.861		-0.000639745409991409		-0.000642640445624565		2.89503563315543e-06
0.862		0.0040883504544065		0.00408543846999976		2.91198440674229e-06
0.863		0.00884795611700794		0.00884502720437474		2.92891263319051e-06
0.864		0.013639162139133		0.0136362163199997		2.94581913334174e-06
0.865		0.0184620591870792		0.0184590964843752		2.96270270406379e-06
0.866		0.0233167380321208		0.0233137584699996		2.9795621212074e-06
0.867		0.0282032895505083		0.028200293154375		2.99639613325631e-06
0.868		0.0331218047234675		0.0331187915199997		3.01320346778738e-06
0.869		0.0380723746371995		0.0380693446543749		3.02998282459416e-06
0.87		0.0430550904828794		0.0430520437500004		3.04673287904872e-06
0.871		0.0480700435566559		0.0480669801043754		3.06345228048149e-06
0.872		0.0531173252596503		0.0531142451199997		3.08013965057835e-06
0.873		0.0581970270979564		0.0581939303043746		3.09679358177078e-06
0.874		0.0633092406826388		0.0633061272700002		3.11341263865839e-06
0.875		0.0684540577297331		0.068450927734375		3.12999535810599e-06
0.876		0.0736315700602442		0.0736284235199993		3.1465402448444e-06
0.877		0.0788418696001458		0.0788387065543747		3.16304577106796e-06
0.878		0.0840850483803798		0.0840818688699998		3.17951037996644e-06
0.879		0.0893611985368547		0.0893580026043752		3.19593247948002e-06
0.88		0.0946704123104452		0.0946672		3.21231044525527e-06
0.881		0.100012782046991		0.100009553404375		3.22864261623201e-06
0.882		0.105388400197296		0.10538515527		3.24492729524006e-06
0.883		0.110797359317126		0.110794098154374		3.26116275152499e-06
0.884		0.116239752067209		0.11623647472		3.27734720893813e-06
0.885		0.121715671213235		0.121712377734375		3.29347886036946e-06
0.886		0.127225209625852		0.12722190007		3.30955585128856e-06
0.887		0.132768460280664		0.132765134704375		3.32557628926478e-06
0.888		0.138345516258237		0.13834217472		3.34153823677852e-06
0.889		0.143956470744087		0.143953113304375		3.35743971122127e-06
0.89		0.149601417028686		0.149598043750001		3.37327868560333e-06
0.891		0.15528044850746		0.155277059454376		3.3890530845293e-06
0.892		0.160993658680783		0.16099025392		3.40476078339313e-06
0.893		0.166741141153981		0.166737720754376		3.42039960546381e-06
0.894		0.172522989637325		0.17251955367		3.4359673244666e-06
0.895		0.178339297946032		0.178335846484375		3.45146165769972e-06
0.896		0.184190160000265		0.184186693120001		3.46688026447994e-06
0.897		0.190075669825127		0.190072187604375		3.48222075222115e-06
0.898		0.195995921550661		0.19599242407		3.49748066147404e-06
0.899		0.201951009411848		0.201947496754376		3.51265747219887e-06
0.9		0.207941027748604		0.2079375		3.52774860332139e-06
0.901		0.213966071005778		0.213962528254375		3.5427514034625e-06
0.902		0.220026233733152		0.220022676069999		3.55766315271455e-06
0.903		0.226121610585433		0.226118038104375		3.57248105745112e-06
0.904		0.232252296322254		0.23224870912		3.5872022538519e-06
0.905		0.238418385808172		0.238414783984375		3.60182379752216e-06
0.906		0.244619974012663		0.24461635767		3.61634266310418e-06
0.907		0.250857156010118		0.250853525254375		3.63075574311145e-06
0.908		0.257130026979844		0.25712638192		3.64505984312702e-06
0.909		0.263438682206054		0.263435022954375		3.65925167844505e-06
0.91		0.269783217077869		0.26977954375		3.67332786899155e-06
0.911		0.276163727089314		0.276160039804375		3.68728493915782e-06
0.912		0.282580307839309		0.28257660672		3.70111930875217e-06
0.913		0.289033055031669		0.289029340204376		3.71482729366601e-06
0.914		0.2955220644751		0.29551833607		3.72840509976768e-06
0.915		0.302047432083189		0.302043690234375		3.74184881396511e-06
0.916		0.308609253874407		0.30860549872		3.75515440725893e-06
0.917		0.315207625972097		0.315203857654376		3.76831772080921e-06
0.918		0.32184264460447		0.32183886327		3.78133446959916e-06
0.919		0.328514406104601		0.328510611904375		3.79420022555976e-06
0.92		0.335223006910422		0.3352192		3.80691042156656e-06
0.921		0.341968543564713		0.341964724104375		3.81946033856106e-06
0.922		0.348751112715099		0.348747280870001		3.83184509877843e-06
0.923		0.355570811114039		0.355566967054375		3.84405966380452e-06
0.924		0.362427735618819		0.362423879520001		3.85609881842219e-06
0.925		0.369321983191544		0.369318115234375		3.86795716894595e-06
0.926		0.37625365089913		0.37624977127		3.87962912928863e-06
0.927		0.383222835913291		0.383218944804376		3.89110891479971e-06
0.928		0.390229635510532		0.39022573312		3.90239053177366e-06
0.929		0.397274147072138		0.397270233604375		3.91346776268398e-06
0.93		0.404356468084159		0.40435254375		3.9243341586892e-06
0.931		0.411476696137402		0.411472761154376		3.93498302542206e-06
0.932		0.418634928927413		0.41863098352		3.94540741249783e-06
0.933		0.425831264254467		0.425827308654375		3.95560009219809e-06
0.934		0.43306580002355		0.433061834470001		3.96555354970074e-06
0.935		0.440338634244343		0.440334658984376		3.97525996781445e-06
0.936		0.447649865031205		0.447645880320001		3.9847112044411e-06
0.937		0.454999590603152		0.454995596704376		3.99389877653311e-06
0.938		0.462387909283839		0.46238390647		4.0028138387771e-06
0.939		0.469814919501537		0.469810908054376		4.01144716105639e-06
0.94		0.477280719789106		0.477276700000001		4.01978910530287e-06
0.941		0.484785408783976		0.484781380954375		4.02782960068349e-06
0.942		0.492329085228111		0.492325049670001		4.0355581095719e-06
0.943		0.499911847967984		0.499907805004375		4.04296360889678e-06
0.944		0.507533795954543		0.507529745920001		4.05003454184705e-06
0.945		0.515195028243173		0.515190971484375		4.05675879744383e-06
0.946		0.522895643993659		0.522891580870001		4.06312365819339e-06
0.947		0.530635742470144		0.530631673354375		4.06911576944502e-06
0.948		0.538415423041081		0.538411348320001		4.07472107988305e-06
0.949		0.54623478517918		0.546230705254375		4.07992480455643e-06
0.95		0.554093928461358		0.554089843749999		4.08471135804334e-06
0.951		0.561992952568671		0.561988863504375		4.08906429594236e-06
0.952		0.569931957286254		0.569927864320001		4.09296625358824e-06
0.953		0.577911042503239		0.577906946104375		4.09639886411739e-06
0.954		0.585930308212678		0.585926208870001		4.09934267764367e-06
0.955		0.59398985451145		0.593985752734375		4.10177707432791e-06
0.956		0.602089781600159		0.60208567792		4.10368015890672e-06
0.957		0.610230189783027		0.610226084754376		4.10502865100248e-06
0.958		0.618411179467762		0.61840707367		4.10579776155551e-06
0.959		0.626632851165423		0.626628745204376		4.10596104705174e-06
0.96		0.634895305490261		0.6348912		4.10549026086393e-06
0.961		0.643198643159545		0.643194538804375		4.10435517050889e-06
0.962		0.651542964993362		0.651538862469999		4.10252336269235e-06
0.963		0.659928371914392		0.659924271954374		4.09996001815571e-06
0.964		0.668354964947657		0.668350868319999		4.09662765810115e-06
0.965		0.676822845220228		0.676818752734375		4.09248585298005e-06
0.966		0.685332113960895		0.68532802647		4.08749089542138e-06
0.967		0.693882872499792		0.693878790904375		4.08159541664954e-06
0.968		0.702475222267955		0.70247114752		4.07474795538487e-06
0.969		0.711109264796824		0.711105197904374		4.06689244958347e-06
0.97		0.719785101717652		0.71978104375		4.05796765146071e-06
0.971		0.728502834760827		0.728498786854375		4.04790645258668e-06
0.972		0.737262565755071		0.73725852912		4.03663507086982e-06
0.973		0.746064396626494		0.746060372554375		4.02407211907985e-06
0.974		0.754908429397478		0.75490441927		4.01012747841545e-06
0.975		0.763794766185343		0.763790771484374		3.99470096845711e-06
0.976		0.772723509200741		0.77271953152		3.97768074156257e-06
0.977		0.781694760745722		0.781690801804375		3.9589413467489e-06
0.978		0.790708623211366		0.79070468487		3.93834136547255e-06
0.979		0.799765199074879		0.799761283354375		3.91572050373323e-06
0.98		0.808864590895988		0.808860699999999		3.89089598862302e-06
0.981		0.818006901312423		0.818003037654376		3.86365804727618e-06
0.982		0.827192233034188		0.82718839927		3.8337641879993e-06
0.983		0.836420688836223		0.836416887904375		3.80093184781938e-06
0.984		0.845692371548855		0.84568860672		3.76482885589002e-06
0.985		0.855007384045217		0.855003658984375		3.72506084178603e-06
0.986		0.864365829224347		0.864362148069999		3.68115434823402e-06
0.987		0.873767809988114		0.873764177454375		3.63253373913963e-06
0.988		0.883213429208969		0.88320985072		3.57848896903601e-06
0.989		0.892702789683814		0.892699271554376		3.51812943799601e-06
0.99		0.902235994066058		0.90223254375		3.45031605730739e-06
0.991		0.911813144762184		0.911809771204374		3.37355780954951e-06
0.992		0.921434343767885		0.92143105792		3.28584788522601e-06
0.993		0.931099692395639		0.931096508004374		3.18439126489878e-06
0.994		0.940809290793944		0.940806225670001		3.06512394376846e-06
0.995		0.950563237031808		0.950560315234374		2.92179743366372e-06
0.996		0.960361625170865		0.96035888112		2.74405086475582e-06
0.997		0.970204540595208		0.970202027854375		2.51274083273856e-06
0.998		0.980092046036419		0.98008986007		2.18596641909929e-06
0.999		0.990024121170735		0.990022482504375		1.63866636038179e-06
1		1		1		0
