# x      Y       Yex     err
-1		-1		-1		0
-0.998		-0.997999999999918		-0.998		0.002
-0.996		-0.995999999999868		-0.996		0.004
-0.994		-0.993999999999829		-0.994		0.00600000000000001
-0.992		-0.991999999999797		-0.992		0.00800000000000001
-0.99		-0.989999999999768		-0.99		0.01
-0.988		-0.987999999999742		-0.988		0.012
-0.986		-0.985999999999718		-0.986		0.014
-0.984		-0.983999999999696		-0.984		0.016
-0.982		-0.981999999999676		-0.982		0.018
-0.98		-0.979999999999656		-0.98		0.02
-0.978		-0.977999999999638		-0.978		0.022
-0.976		-0.97599999999962		-0.976		0.024
-0.974		-0.973999999999603		-0.974		0.026
-0.972		-0.971999999999587		-0.972		0.028
-0.97		-0.969999999999571		-0.97		0.03
-0.968		-0.967999999999556		-0.968		0.032
-0.966		-0.965999999999542		-0.966		0.034
-0.964		-0.963999999999527		-0.964		0.036
-0.962		-0.961999999999514		-0.962		0.038
-0.96		-0.9599999999995		-0.96		0.04
-0.958		-0.957999999999487		-0.958		0.042
-0.956		-0.955999999999475		-0.956		0.044
-0.954		-0.953999999999463		-0.954		0.046
-0.952		-0.951999999999451		-0.952		0.048
-0.95		-0.94999999999944		-0.95		0.05
-0.948		-0.947999999999428		-0.948		0.0520000000000002
-0.946		-0.945999999999417		-0.946		0.054
-0.944		-0.943999999999406		-0.944		0.056
-0.942		-0.941999999999395		-0.942		0.0580000000000001
-0.94		-0.939999999999384		-0.94		0.0600000000000002
-0.938		-0.937999999999374		-0.938		0.0620000000000001
-0.936		-0.935999999999363		-0.936		0.0640000000000001
-0.934		-0.933999999999353		-0.934		0.0660000000000001
-0.932		-0.931999999999343		-0.932		0.0680000000000001
-0.93		-0.929999999999333		-0.93		0.07
-0.928		-0.927999999999324		-0.928		0.0720000000000001
-0.926		-0.925999999999314		-0.926		0.074
-0.924		-0.923999999999304		-0.924		0.0759999999999998
-0.922		-0.921999999999295		-0.922		0.0779999999999998
-0.92		-0.919999999999285		-0.92		0.08
-0.918		-0.917999999999276		-0.918		0.0819999999999999
-0.916		-0.915999999999267		-0.916		0.084
-0.914		-0.913999999999258		-0.914		0.086
-0.912		-0.911999999999249		-0.912		0.088
-0.91		-0.90999999999924		-0.91		0.09
-0.908		-0.907999999999231		-0.908		0.0920000000000001
-0.906		-0.905999999999222		-0.906		0.094
-0.904		-0.903999999999214		-0.904		0.0960000000000001
-0.902		-0.901999999999206		-0.902		0.098
-0.9		-0.899999999999197		-0.9		0.1
-0.898		-0.897999999999189		-0.898		0.102
-0.896		-0.895999999999181		-0.896		0.104
-0.894		-0.893999999999173		-0.894		0.106
-0.892		-0.891999999999165		-0.892		0.108
-0.89		-0.889999999999158		-0.89		0.11
-0.888		-0.88799999999915		-0.888		0.112
-0.886		-0.885999999999143		-0.886		0.114
-0.884		-0.883999999999136		-0.884		0.116
-0.882		-0.881999999999129		-0.882		0.118
-0.88		-0.879999999999122		-0.88		0.12
-0.878		-0.877999999999114		-0.878		0.122
-0.876		-0.875999999999108		-0.876		0.124
-0.874		-0.873999999999101		-0.874		0.126
-0.872		-0.871999999999094		-0.872		0.128
-0.87		-0.869999999999087		-0.87		0.13
-0.868		-0.86799999999908		-0.868		0.132
-0.866		-0.865999999999073		-0.866		0.134
-0.864		-0.863999999999066		-0.864		0.136
-0.862		-0.86199999999906		-0.862		0.138
-0.86		-0.859999999999053		-0.86		0.14
-0.858		-0.857999999999047		-0.858		0.142
-0.856		-0.85599999999904		-0.856		0.144
-0.854		-0.853999999999034		-0.854		0.146
-0.852		-0.851999999999028		-0.852		0.148
-0.85		-0.849999999999022		-0.85		0.15
-0.848		-0.847999999999016		-0.848		0.152
-0.846		-0.845999999999009		-0.846		0.154
-0.844		-0.843999999999003		-0.844		0.156
-0.842		-0.841999999998998		-0.842		0.158
-0.84		-0.839999999998992		-0.84		0.16
-0.838		-0.837999999998986		-0.838		0.162
-0.836		-0.83599999999898		-0.836		0.164
-0.834		-0.833999999998975		-0.834		0.166
-0.832		-0.831999999998969		-0.832		0.168
-0.83		-0.829999999998964		-0.83		0.17
-0.828		-0.827999999998958		-0.828		0.172
-0.826		-0.825999999998953		-0.826		0.174
-0.824		-0.823999999998948		-0.824		0.176
-0.822		-0.821999999998942		-0.822		0.178
-0.82		-0.819999999998937		-0.82		0.18
-0.818		-0.817999999998932		-0.818		0.182
-0.816		-0.815999999998927		-0.816		0.184
-0.814		-0.813999999998921		-0.814		0.186
-0.812		-0.811999999998916		-0.812		0.188
-0.81		-0.809999999998912		-0.81		0.19
-0.808		-0.807999999998907		-0.808		0.192
-0.806		-0.805999999998902		-0.806		0.194
-0.804		-0.803999999998897		-0.804		0.196
-0.802		-0.801999999998892		-0.802		0.198
-0.8		-0.799999999998887		-0.8		0.2
-0.798		-0.797999999998883		-0.798		0.202
-0.796		-0.795999999998878		-0.796		0.204
-0.794		-0.793999999998874		-0.794		0.206
-0.792		-0.791999999998869		-0.792		0.208
-0.79		-0.789999999998864		-0.79		0.21
-0.788		-0.78799999999886		-0.788		0.212
-0.786		-0.785999999998855		-0.786		0.214
-0.784		-0.78399999999885		-0.784		0.216
-0.782		-0.781999999998845		-0.782		0.218
-0.78		-0.779999999998841		-0.78		0.22
-0.778		-0.777999999998836		-0.778		0.222
-0.776		-0.775999999998832		-0.776		0.224
-0.774		-0.773999999998827		-0.774		0.226
-0.772		-0.771999999998823		-0.772		0.228
-0.77		-0.769999999998818		-0.77		0.23
-0.768		-0.767999999998814		-0.768		0.232
-0.766		-0.76599999999881		-0.766		0.234
-0.764		-0.763999999998805		-0.764		0.236
-0.762		-0.761999999998801		-0.762		0.238
-0.76		-0.759999999998796		-0.76		0.24
-0.758		-0.757999999998792		-0.758		0.242
-0.756		-0.755999999998788		-0.756		0.244
-0.754		-0.753999999998784		-0.754		0.246
-0.752		-0.75199999999878		-0.752		0.248
-0.75		-0.749999999998776		-0.75		0.25
-0.748		-0.747999999998771		-0.748		0.252
-0.746		-0.745999999998767		-0.746		0.254
-0.744		-0.743999999998763		-0.744		0.256
-0.742		-0.74199999999876		-0.742		0.258
-0.74		-0.739999999998756		-0.74		0.26
-0.738		-0.737999999998752		-0.738		0.262
-0.736		-0.735999999998748		-0.736		0.264
-0.734		-0.733999999998744		-0.734		0.266
-0.732		-0.73199999999874		-0.732		0.268
-0.73		-0.729999999998736		-0.73		0.27
-0.728		-0.727999999998732		-0.728		0.272
-0.726		-0.725999999998728		-0.726		0.274
-0.724		-0.723999999998724		-0.724		0.276
-0.722		-0.72199999999872		-0.722		0.278
-0.72		-0.719999999998716		-0.72		0.28
-0.718		-0.717999999998713		-0.718		0.282
-0.716		-0.715999999998709		-0.716		0.284
-0.714		-0.713999999998705		-0.714		0.286
-0.712		-0.711999999998702		-0.712		0.288
-0.71		-0.709999999998698		-0.71		0.29
-0.708		-0.707999999998694		-0.708		0.292
-0.706		-0.705999999998691		-0.706		0.294
-0.704		-0.703999999998687		-0.704		0.296
-0.702		-0.701999999998683		-0.702		0.298
-0.7		-0.699999999998679		-0.7		0.3
-0.698		-0.697999999998676		-0.698		0.302
-0.696		-0.695999999998672		-0.696		0.304
-0.694		-0.693999999998668		-0.694		0.306
-0.692		-0.691999999998665		-0.692		0.308
-0.69		-0.689999999998661		-0.69		0.31
-0.688		-0.687999999998658		-0.688		0.312
-0.686		-0.685999999998654		-0.686		0.314
-0.684		-0.68399999999865		-0.684		0.316
-0.682		-0.681999999998647		-0.682		0.318
-0.68		-0.679999999998644		-0.68		0.32
-0.678		-0.67799999999864		-0.678		0.322
-0.676		-0.675999999998637		-0.676		0.324
-0.674		-0.673999999998633		-0.674		0.326
-0.672		-0.671999999998629		-0.672		0.328
-0.67		-0.669999999998626		-0.67		0.33
-0.668		-0.667999999998622		-0.668		0.332
-0.666		-0.665999999998619		-0.666		0.334
-0.664		-0.663999999998615		-0.664		0.336
-0.662		-0.661999999998612		-0.662		0.338
-0.66		-0.659999999998608		-0.66		0.34
-0.658		-0.657999999998605		-0.658		0.342
-0.656		-0.655999999998601		-0.656		0.344
-0.654		-0.653999999998598		-0.654		0.346
-0.652		-0.651999999998594		-0.652		0.348
-0.65		-0.649999999998591		-0.65		0.35
-0.648		-0.647999999998587		-0.648		0.352
-0.646		-0.645999999998584		-0.646		0.354
-0.644		-0.643999999998581		-0.644		0.356
-0.642		-0.641999999998577		-0.642		0.358
-0.64		-0.639999999998574		-0.64		0.36
-0.638		-0.637999999998571		-0.638		0.362
-0.636		-0.635999999998567		-0.636		0.364
-0.634		-0.633999999998564		-0.634		0.366
-0.632		-0.631999999998561		-0.632		0.368
-0.63		-0.629999999998558		-0.63		0.37
-0.628		-0.627999999998555		-0.628		0.372
-0.626		-0.625999999998552		-0.626		0.374
-0.624		-0.623999999998549		-0.624		0.376
-0.622		-0.621999999998545		-0.622		0.378
-0.62		-0.619999999998542		-0.62		0.38
-0.618		-0.617999999998539		-0.618		0.382
-0.616		-0.615999999998536		-0.616		0.384
-0.614		-0.613999999998532		-0.614		0.386
-0.612		-0.611999999998529		-0.612		0.388
-0.61		-0.609999999998526		-0.61		0.39
-0.608		-0.607999999998523		-0.608		0.392
-0.606		-0.60599999999852		-0.606		0.394
-0.604		-0.603999999998518		-0.604		0.396
-0.602		-0.601999999998515		-0.602		0.398
-0.6		-0.599999999998512		-0.6		0.4
-0.598		-0.597999999998509		-0.598		0.402
-0.596		-0.595999999998507		-0.596		0.404
-0.594		-0.593999999998504		-0.594		0.406
-0.592		-0.591999999998501		-0.592		0.408
-0.59		-0.589999999998498		-0.59		0.41
-0.588		-0.587999999998496		-0.588		0.412
-0.586		-0.585999999998493		-0.586		0.414
-0.584		-0.58399999999849		-0.584		0.416
-0.582		-0.581999999998487		-0.582		0.418
-0.58		-0.579999999998485		-0.58		0.42
-0.578		-0.577999999998482		-0.578		0.422
-0.576		-0.575999999998479		-0.576		0.424
-0.574		-0.573999999998477		-0.574		0.426
-0.572		-0.571999999998474		-0.572		0.428
-0.57		-0.569999999998471		-0.57		0.43
-0.568		-0.567999999998469		-0.568		0.432
-0.566		-0.565999999998466		-0.566		0.434
-0.564		-0.563999999998463		-0.564		0.436
-0.562		-0.561999999998461		-0.562		0.438
-0.56		-0.559999999998458		-0.56		0.44
-0.558		-0.557999999998455		-0.558		0.442
-0.556		-0.555999999998453		-0.556		0.444
-0.554		-0.553999999998451		-0.554		0.446
-0.552		-0.551999999998448		-0.552		0.448
-0.55		-0.549999999998446		-0.55		0.45
-0.548		-0.547999999998443		-0.548		0.452
-0.546		-0.545999999998441		-0.546		0.454
-0.544		-0.543999999998439		-0.544		0.456
-0.542		-0.541999999998436		-0.542		0.458
-0.54		-0.539999999998434		-0.54		0.46
-0.538		-0.537999999998431		-0.538		0.462
-0.536		-0.535999999998429		-0.536		0.464
-0.534		-0.533999999998427		-0.534		0.466
-0.532		-0.531999999998424		-0.532		0.468
-0.53		-0.529999999998422		-0.53		0.47
-0.528		-0.52799999999842		-0.528		0.472
-0.526		-0.525999999998417		-0.526		0.474
-0.524		-0.523999999998415		-0.524		0.476
-0.522		-0.521999999998413		-0.522		0.478
-0.52		-0.519999999998411		-0.52		0.48
-0.518		-0.517999999998408		-0.518		0.482
-0.516		-0.515999999998406		-0.516		0.484
-0.514		-0.513999999998404		-0.514		0.486
-0.512		-0.511999999998401		-0.512		0.488
-0.51		-0.509999999998399		-0.51		0.49
-0.508		-0.507999999998396		-0.508		0.492
-0.506		-0.505999999998394		-0.506		0.494
-0.504		-0.503999999998392		-0.504		0.496
-0.502		-0.501999999998389		-0.502		0.498
-0.5		-0.499999999998387		-0.5		0.5
-0.498		-0.497999999998384		-0.498		0.502
-0.496		-0.495999999998382		-0.496		0.504
-0.494		-0.49399999999838		-0.494		0.506
-0.492		-0.491999999998377		-0.492		0.508
-0.49		-0.489999999998375		-0.49		0.51
-0.488		-0.487999999998372		-0.488		0.512
-0.486		-0.48599999999837		-0.486		0.514
-0.484		-0.483999999998368		-0.484		0.516
-0.482		-0.481999999998366		-0.482		0.518
-0.48		-0.479999999998364		-0.48		0.52
-0.478		-0.477999999998362		-0.478		0.522
-0.476		-0.47599999999836		-0.476		0.524
-0.474		-0.473999999998358		-0.474		0.526
-0.472		-0.471999999998356		-0.472		0.528
-0.47		-0.469999999998354		-0.47		0.53
-0.468		-0.467999999998352		-0.468		0.532
-0.466		-0.46599999999835		-0.466		0.534
-0.464		-0.463999999998348		-0.464		0.536
-0.462		-0.461999999998346		-0.462		0.538
-0.46		-0.459999999998345		-0.46		0.54
-0.458		-0.457999999998343		-0.458		0.542
-0.456		-0.455999999998341		-0.456		0.544
-0.454		-0.453999999998339		-0.454		0.546
-0.452		-0.451999999998337		-0.452		0.548
-0.45		-0.449999999998335		-0.45		0.55
-0.448		-0.447999999998333		-0.448		0.552
-0.446		-0.445999999998332		-0.446		0.554
-0.444		-0.44399999999833		-0.444		0.556
-0.442		-0.441999999998328		-0.442		0.558
-0.44		-0.439999999998326		-0.44		0.56
-0.438		-0.437999999998324		-0.438		0.562
-0.436		-0.435999999998322		-0.436		0.564
-0.434		-0.43399999999832		-0.434		0.566
-0.432		-0.431999999998319		-0.432		0.568
-0.43		-0.429999999998317		-0.43		0.57
-0.428		-0.427999999998315		-0.428		0.572
-0.426		-0.425999999998313		-0.426		0.574
-0.424		-0.423999999998311		-0.424		0.576
-0.422		-0.421999999998309		-0.422		0.578
-0.42		-0.419999999998307		-0.42		0.58
-0.418		-0.417999999998305		-0.418		0.582
-0.416		-0.415999999998303		-0.416		0.584
-0.414		-0.413999999998301		-0.414		0.586
-0.412		-0.411999999998299		-0.412		0.588
-0.41		-0.409999999998297		-0.41		0.59
-0.408		-0.407999999998295		-0.408		0.592
-0.406		-0.405999999998294		-0.406		0.594
-0.404		-0.403999999998292		-0.404		0.596
-0.402		-0.40199999999829		-0.402		0.598
-0.4		-0.399999999998288		-0.4		0.6
-0.398		-0.397999999998286		-0.398		0.602
-0.396		-0.395999999998284		-0.396		0.604
-0.394		-0.393999999998283		-0.394		0.606
-0.392		-0.391999999998281		-0.392		0.608
-0.39		-0.389999999998279		-0.39		0.61
-0.388		-0.387999999998278		-0.388		0.612
-0.386		-0.385999999998276		-0.386		0.614
-0.384		-0.383999999998274		-0.384		0.616
-0.382		-0.381999999998272		-0.382		0.618
-0.38		-0.37999999999827		-0.38		0.62
-0.378		-0.377999999998269		-0.378		0.622
-0.376		-0.375999999998267		-0.376		0.624
-0.374		-0.373999999998265		-0.374		0.626
-0.372		-0.371999999998263		-0.372		0.628
-0.37		-0.369999999998262		-0.37		0.63
-0.368		-0.36799999999826		-0.368		0.632
-0.366		-0.365999999998258		-0.366		0.634
-0.364		-0.363999999998256		-0.364		0.636
-0.362		-0.361999999998255		-0.362		0.638
-0.36		-0.359999999998253		-0.36		0.64
-0.358		-0.357999999998252		-0.358		0.642
-0.356		-0.35599999999825		-0.356		0.644
-0.354		-0.353999999998248		-0.354		0.646
-0.352		-0.351999999998247		-0.352		0.648
-0.35		-0.349999999998245		-0.35		0.65
-0.348		-0.347999999998244		-0.348		0.652
-0.346		-0.345999999998242		-0.346		0.654
-0.344		-0.343999999998241		-0.344		0.656
-0.342		-0.341999999998239		-0.342		0.658
-0.34		-0.339999999998238		-0.34		0.66
-0.338		-0.337999999998237		-0.338		0.662
-0.336		-0.335999999998235		-0.336		0.664
-0.334		-0.333999999998234		-0.334		0.666
-0.332		-0.331999999998232		-0.332		0.668
-0.33		-0.329999999998231		-0.33		0.67
-0.328		-0.327999999998229		-0.328		0.672
-0.326		-0.325999999998228		-0.326		0.674
-0.324		-0.323999999998227		-0.324		0.676
-0.322		-0.321999999998225		-0.322		0.678
-0.32		-0.319999999998224		-0.32		0.68
-0.318		-0.317999999998222		-0.318		0.682
-0.316		-0.315999999998221		-0.316		0.684
-0.314		-0.31399999999822		-0.314		0.686
-0.312		-0.311999999998218		-0.312		0.688
-0.31		-0.309999999998217		-0.31		0.69
-0.308		-0.307999999998216		-0.308		0.692
-0.306		-0.305999999998214		-0.306		0.694
-0.304		-0.303999999998213		-0.304		0.696
-0.302		-0.301999999998212		-0.302		0.698
-0.3		-0.29999999999821		-0.3		0.7
-0.298		-0.297999999998209		-0.298		0.702
-0.296		-0.295999999998208		-0.296		0.704
-0.294		-0.293999999998207		-0.294		0.706
-0.292		-0.291999999998206		-0.292		0.708
-0.29		-0.289999999998204		-0.29		0.71
-0.288		-0.287999999998203		-0.288		0.712
-0.286		-0.285999999998202		-0.286		0.714
-0.284		-0.283999999998201		-0.284		0.716
-0.282		-0.2819999999982		-0.282		0.718
-0.28		-0.279999999998199		-0.28		0.72
-0.278		-0.277999999998197		-0.278		0.722
-0.276		-0.275999999998196		-0.276		0.724
-0.274		-0.273999999998195		-0.274		0.726
-0.272		-0.271999999998194		-0.272		0.728
-0.27		-0.269999999998193		-0.27		0.73
-0.268		-0.267999999998192		-0.268		0.732
-0.266		-0.265999999998191		-0.266		0.734
-0.264		-0.26399999999819		-0.264		0.736
-0.262		-0.261999999998188		-0.262		0.738
-0.26		-0.259999999998187		-0.26		0.74
-0.258		-0.257999999998186		-0.258		0.742
-0.256		-0.255999999998185		-0.256		0.744
-0.254		-0.253999999998184		-0.254		0.746
-0.252		-0.251999999998183		-0.252		0.748
-0.25		-0.249999999998182		-0.25		0.75
-0.248		-0.247999999998181		-0.248		0.752
-0.246		-0.24599999999818		-0.246		0.754
-0.244		-0.243999999998179		-0.244		0.756
-0.242		-0.241999999998177		-0.242		0.758
-0.24		-0.239999999998176		-0.24		0.76
-0.238		-0.237999999998175		-0.238		0.762
-0.236		-0.235999999998174		-0.236		0.764
-0.234		-0.233999999998173		-0.234		0.766
-0.232		-0.231999999998172		-0.232		0.768
-0.23		-0.229999999998171		-0.23		0.77
-0.228		-0.22799999999817		-0.228		0.772
-0.226		-0.225999999998169		-0.226		0.774
-0.224		-0.223999999998169		-0.224		0.776
-0.222		-0.221999999998168		-0.222		0.778
-0.22		-0.219999999998167		-0.22		0.78
-0.218		-0.217999999998166		-0.218		0.782
-0.216		-0.215999999998165		-0.216		0.784
-0.214		-0.213999999998164		-0.214		0.786
-0.212		-0.211999999998163		-0.212		0.788
-0.21		-0.209999999998162		-0.21		0.79
-0.208		-0.207999999998161		-0.208		0.792
-0.206		-0.20599999999816		-0.206		0.794
-0.204		-0.20399999999816		-0.204		0.796
-0.202		-0.201999999998159		-0.202		0.798
-0.2		-0.199999999998158		-0.2		0.8
-0.198		-0.197999999998157		-0.198		0.802
-0.196		-0.195999999998156		-0.196		0.804
-0.194		-0.193999999998155		-0.194		0.806
-0.192		-0.191999999998155		-0.192		0.808
-0.19		-0.189999999998154		-0.19		0.81
-0.188		-0.187999999998153		-0.188		0.812
-0.186		-0.185999999998152		-0.186		0.814
-0.184		-0.183999999998151		-0.184		0.816
-0.182		-0.18199999999815		-0.182		0.818
-0.18		-0.17999999999815		-0.18		0.82
-0.178		-0.177999999998149		-0.178		0.822
-0.176		-0.175999999998148		-0.176		0.824
-0.174		-0.173999999998147		-0.174		0.826
-0.172		-0.171999999998146		-0.172		0.828
-0.17		-0.169999999998145		-0.17		0.83
-0.168		-0.167999999998144		-0.168		0.832
-0.166		-0.165999999998144		-0.166		0.834
-0.164		-0.163999999998143		-0.164		0.836
-0.162		-0.161999999998142		-0.162		0.838
-0.16		-0.159999999998141		-0.16		0.84
-0.158		-0.15799999999814		-0.158		0.842
-0.156		-0.15599999999814		-0.156		0.844
-0.154		-0.153999999998139		-0.154		0.846
-0.152		-0.151999999998138		-0.152		0.848
-0.15		-0.149999999998137		-0.15		0.85
-0.148		-0.147999999998137		-0.148		0.852
-0.146		-0.145999999998136		-0.146		0.854
-0.144		-0.143999999998135		-0.144		0.856
-0.142		-0.141999999998135		-0.142		0.858
-0.14		-0.139999999998134		-0.14		0.86
-0.138		-0.137999999998133		-0.138		0.862
-0.136		-0.135999999998132		-0.136		0.864
-0.134		-0.133999999998132		-0.134		0.866
-0.132		-0.131999999998131		-0.132		0.868
-0.13		-0.12999999999813		-0.13		0.87
-0.128		-0.12799999999813		-0.128		0.872
-0.126		-0.125999999998129		-0.126		0.874
-0.124		-0.123999999998128		-0.124		0.876
-0.122		-0.121999999998128		-0.122		0.878
-0.12		-0.119999999998127		-0.12		0.88
-0.118		-0.117999999998127		-0.118		0.882
-0.116		-0.115999999998126		-0.116		0.884
-0.114		-0.113999999998125		-0.114		0.886
-0.112		-0.111999999998125		-0.112		0.888
-0.11		-0.109999999998124		-0.11		0.89
-0.108		-0.107999999998124		-0.108		0.892
-0.106		-0.105999999998123		-0.106		0.894
-0.104		-0.103999999998123		-0.104		0.896
-0.102		-0.101999999998122		-0.102		0.898
-0.1		-0.0999999999981215		-0.0999999999999999		0.9
-0.098		-0.097999999998121		-0.0979999999999999		0.902
-0.096		-0.0959999999981204		-0.0960000000000001		0.904
-0.094		-0.0939999999981199		-0.094		0.906
-0.092		-0.0919999999981194		-0.0920000000000001		0.908
-0.09		-0.0899999999981189		-0.09		0.91
-0.088		-0.0879999999981185		-0.0880000000000001		0.912
-0.086		-0.085999999998118		-0.0860000000000001		0.914
-0.084		-0.0839999999981176		-0.084		0.916
-0.082		-0.0819999999981171		-0.0819999999999999		0.918
-0.08		-0.0799999999981167		-0.08		0.92
-0.078		-0.0779999999981162		-0.078		0.922
-0.076		-0.0759999999981158		-0.076		0.924
-0.074		-0.0739999999981153		-0.0739999999999999		0.926
-0.072		-0.0719999999981149		-0.0719999999999999		0.928
-0.07		-0.0699999999981145		-0.07		0.93
-0.0679999999999999		-0.0679999999981141		-0.068		0.932
-0.0659999999999999		-0.0659999999981137		-0.0659999999999999		0.934
-0.0639999999999999		-0.0639999999981133		-0.0639999999999998		0.936
-0.0619999999999999		-0.0619999999981129		-0.0619999999999999		0.938
-0.0599999999999999		-0.0599999999981125		-0.0599999999999999		0.94
-0.0579999999999999		-0.0579999999981121		-0.0579999999999998		0.942
-0.0559999999999999		-0.0559999999981117		-0.0559999999999999		0.944
-0.0539999999999999		-0.0539999999981114		-0.054		0.946
-0.0519999999999999		-0.051999999998111		-0.0519999999999999		0.948
-0.0499999999999999		-0.0499999999981107		-0.05		0.95
-0.0479999999999999		-0.0479999999981103		-0.0479999999999999		0.952
-0.0459999999999999		-0.04599999999811		-0.0459999999999998		0.954
-0.0439999999999999		-0.0439999999981097		-0.0439999999999998		0.956
-0.0419999999999999		-0.0419999999981094		-0.042		0.958
-0.04		-0.0399999999981091		-0.04		0.96
-0.038		-0.0379999999981088		-0.038		0.962
-0.036		-0.0359999999981085		-0.0360000000000001		0.964
-0.034		-0.0339999999981083		-0.0340000000000001		0.966
-0.032		-0.031999999998108		-0.0320000000000001		0.968
-0.03		-0.0299999999981078		-0.0299999999999999		0.97
-0.028		-0.0279999999981075		-0.0280000000000001		0.972
-0.026		-0.0259999999981073		-0.026		0.974
-0.024		-0.0239999999981071		-0.0240000000000001		0.976
-0.022		-0.0219999999981069		-0.0220000000000001		0.978
-0.02		-0.0199999999981067		-0.0200000000000001		0.98
-0.018		-0.0179999999981065		-0.0180000000000001		0.982
-0.016		-0.0159999999981063		-0.0159999999999999		0.984
-0.014		-0.0139999999981061		-0.014		0.986
-0.012		-0.0119999999981059		-0.012		0.988
-0.01		-0.00999999999810572		-0.00999999999999997		0.99
-0.00800000000000001		-0.00799999999810556		-0.00800000000000002		0.992
-0.00600000000000001		-0.00599999999810541		-0.00599999999999991		0.994
-0.004		-0.00399999999810526		-0.00399999999999996		0.996
-0.002		-0.00199999999810513		-0.00200000000000009		0.998
0		1.89500367127708e-12		6.12303176911189e-17		1
0.002		0.00200000000189513		0.00199999999999999		1.002
0.004		0.00400000000189524		0.00400000000000009		1.004
0.00600000000000001		0.00600000000189535		0.00600000000000004		1.006
0.00800000000000001		0.00800000000189545		0.00799999999999992		1.008
0.01		0.0100000000018955		0.0100000000000001		1.01
0.012		0.0120000000018956		0.0120000000000001		1.012
0.014		0.0140000000018957		0.0139999999999999		1.014
0.016		0.0160000000018958		0.0160000000000001		1.016
0.018		0.0180000000018958		0.018		1.018
0.02		0.0200000000018959		0.02		1.02
0.022		0.0220000000018959		0.022		1.022
0.024		0.024000000001896		0.024		1.024
0.026		0.026000000001896		0.0260000000000001		1.026
0.028		0.028000000001896		0.028		1.028
0.03		0.030000000001896		0.03		1.03
0.032		0.032000000001896		0.032		1.032
0.034		0.034000000001896		0.034		1.034
0.036		0.036000000001896		0.036		1.036
0.038		0.038000000001896		0.0380000000000001		1.038
0.04		0.040000000001896		0.0400000000000001		1.04
0.042		0.042000000001896		0.0420000000000001		1.042
0.044		0.044000000001896		0.044		1.044
0.046		0.046000000001896		0.046		1.046
0.048		0.0480000000018959		0.048		1.048
0.05		0.0500000000018959		0.0500000000000001		1.05
0.052		0.0520000000018959		0.052		1.052
0.054		0.0540000000018959		0.0540000000000001		1.054
0.056		0.0560000000018958		0.056		1.056
0.0580000000000001		0.0580000000018958		0.058		1.058
0.0600000000000001		0.0600000000018957		0.06		1.06
0.0620000000000001		0.0620000000018956		0.062		1.062
0.0640000000000001		0.0640000000018956		0.064		1.064
0.0660000000000001		0.0660000000018955		0.066		1.066
0.0680000000000001		0.0680000000018954		0.0680000000000002		1.068
0.0700000000000001		0.0700000000018953		0.0700000000000001		1.07
0.0720000000000001		0.0720000000018952		0.072		1.072
0.0740000000000001		0.0740000000018951		0.074		1.074
0.0760000000000001		0.076000000001895		0.0760000000000001		1.076
0.0780000000000001		0.0780000000018949		0.0780000000000001		1.078
0.0800000000000001		0.0800000000018947		0.0800000000000001		1.08
0.0820000000000001		0.0820000000018945		0.0820000000000001		1.082
0.0840000000000001		0.0840000000018944		0.0840000000000001		1.084
0.0860000000000001		0.0860000000018941		0.086		1.086
0.0880000000000001		0.0880000000018939		0.0880000000000002		1.088
0.0900000000000001		0.0900000000018937		0.0900000000000002		1.09
0.0920000000000001		0.0920000000018935		0.0920000000000002		1.092
0.0940000000000001		0.0940000000018933		0.0940000000000001		1.094
0.0960000000000001		0.096000000001893		0.0960000000000002		1.096
0.0980000000000001		0.0980000000018928		0.098		1.098
0.1		0.100000000001893		0.1		1.1
0.102		0.102000000001892		0.102		1.102
0.104		0.104000000001892		0.104		1.104
0.106		0.106000000001892		0.106		1.106
0.108		0.108000000001892		0.108		1.108
0.11		0.110000000001892		0.11		1.11
0.112		0.112000000001891		0.112		1.112
0.114		0.114000000001891		0.114		1.114
0.116		0.116000000001891		0.116		1.116
0.118		0.118000000001891		0.118		1.118
0.12		0.12000000000189		0.12		1.12
0.122		0.12200000000189		0.122		1.122
0.124		0.12400000000189		0.124		1.124
0.126		0.126000000001889		0.126		1.126
0.128		0.128000000001889		0.128		1.128
0.13		0.130000000001889		0.13		1.13
0.132		0.132000000001888		0.132		1.132
0.134		0.134000000001888		0.134		1.134
0.136		0.136000000001888		0.136		1.136
0.138		0.138000000001887		0.138		1.138
0.14		0.140000000001887		0.14		1.14
0.142		0.142000000001887		0.142		1.142
0.144		0.144000000001886		0.144		1.144
0.146		0.146000000001886		0.146		1.146
0.148		0.148000000001885		0.148		1.148
0.15		0.150000000001885		0.15		1.15
0.152		0.152000000001884		0.152		1.152
0.154		0.154000000001884		0.154		1.154
0.156		0.156000000001883		0.156		1.156
0.158		0.158000000001883		0.158		1.158
0.16		0.160000000001882		0.16		1.16
0.162		0.162000000001882		0.162		1.162
0.164		0.164000000001881		0.164		1.164
0.166		0.166000000001881		0.166		1.166
0.168		0.16800000000188		0.168		1.168
0.17		0.17000000000188		0.17		1.17
0.172		0.172000000001879		0.172		1.172
0.174		0.174000000001879		0.174		1.174
0.176		0.176000000001878		0.176		1.176
0.178		0.178000000001878		0.178		1.178
0.18		0.180000000001877		0.18		1.18
0.182		0.182000000001877		0.182		1.182
0.184		0.184000000001876		0.184		1.184
0.186		0.186000000001875		0.186		1.186
0.188		0.188000000001875		0.188		1.188
0.19		0.190000000001874		0.19		1.19
0.192		0.192000000001874		0.192		1.192
0.194		0.194000000001873		0.194		1.194
0.196		0.196000000001872		0.196		1.196
0.198		0.198000000001872		0.198		1.198
0.2		0.200000000001871		0.2		1.2
0.202		0.20200000000187		0.202		1.202
0.204		0.20400000000187		0.204		1.204
0.206		0.206000000001869		0.206		1.206
0.208		0.208000000001868		0.208		1.208
0.21		0.210000000001868		0.21		1.21
0.212		0.212000000001867		0.212		1.212
0.214		0.214000000001866		0.214		1.214
0.216		0.216000000001866		0.216		1.216
0.218		0.218000000001865		0.218		1.218
0.22		0.220000000001864		0.22		1.22
0.222		0.222000000001863		0.222		1.222
0.224		0.224000000001863		0.224		1.224
0.226		0.226000000001862		0.226		1.226
0.228		0.228000000001861		0.228		1.228
0.23		0.23000000000186		0.23		1.23
0.232		0.232000000001859		0.232		1.232
0.234		0.234000000001859		0.234		1.234
0.236		0.236000000001858		0.236		1.236
0.238		0.238000000001857		0.238		1.238
0.24		0.240000000001856		0.24		1.24
0.242		0.242000000001855		0.242		1.242
0.244		0.244000000001854		0.244		1.244
0.246		0.246000000001853		0.246		1.246
0.248		0.248000000001852		0.248		1.248
0.25		0.250000000001851		0.25		1.25
0.252		0.25200000000185		0.252		1.252
0.254		0.254000000001849		0.254		1.254
0.256		0.256000000001849		0.256		1.256
0.258		0.258000000001848		0.258		1.258
0.26		0.260000000001847		0.26		1.26
0.262		0.262000000001846		0.262		1.262
0.264		0.264000000001845		0.264		1.264
0.266		0.266000000001844		0.266		1.266
0.268		0.268000000001843		0.268		1.268
0.27		0.270000000001842		0.27		1.27
0.272		0.272000000001841		0.272		1.272
0.274		0.27400000000184		0.274		1.274
0.276		0.276000000001839		0.276		1.276
0.278		0.278000000001838		0.278		1.278
0.28		0.280000000001837		0.28		1.28
0.282		0.282000000001836		0.282		1.282
0.284		0.284000000001835		0.284		1.284
0.286		0.286000000001834		0.286		1.286
0.288		0.288000000001833		0.288		1.288
0.29		0.290000000001832		0.29		1.29
0.292		0.292000000001831		0.292		1.292
0.294		0.29400000000183		0.294		1.294
0.296		0.296000000001829		0.296		1.296
0.298		0.298000000001827		0.298		1.298
0.3		0.300000000001826		0.3		1.3
0.302		0.302000000001825		0.302		1.302
0.304		0.304000000001824		0.304		1.304
0.306		0.306000000001823		0.306		1.306
0.308		0.308000000001822		0.308		1.308
0.31		0.310000000001821		0.31		1.31
0.312		0.31200000000182		0.312		1.312
0.314		0.314000000001819		0.314		1.314
0.316		0.316000000001818		0.316		1.316
0.318		0.318000000001817		0.318		1.318
0.32		0.320000000001816		0.32		1.32
0.322		0.322000000001815		0.322		1.322
0.324		0.324000000001814		0.324		1.324
0.326		0.326000000001813		0.326		1.326
0.328		0.328000000001812		0.328		1.328
0.33		0.330000000001811		0.33		1.33
0.332		0.33200000000181		0.332		1.332
0.334		0.334000000001809		0.334		1.334
0.336		0.336000000001808		0.336		1.336
0.338		0.338000000001807		0.338		1.338
0.34		0.340000000001806		0.34		1.34
0.342		0.342000000001805		0.342		1.342
0.344		0.344000000001804		0.344		1.344
0.346		0.346000000001803		0.346		1.346
0.348		0.348000000001802		0.348		1.348
0.35		0.350000000001801		0.35		1.35
0.352		0.3520000000018		0.352		1.352
0.354		0.354000000001799		0.354		1.354
0.356		0.356000000001798		0.356		1.356
0.358		0.358000000001797		0.358		1.358
0.36		0.360000000001796		0.36		1.36
0.362		0.362000000001796		0.362		1.362
0.364		0.364000000001795		0.364		1.364
0.366		0.366000000001794		0.366		1.366
0.368		0.368000000001793		0.368		1.368
0.37		0.370000000001792		0.37		1.37
0.372		0.372000000001792		0.372		1.372
0.374		0.374000000001791		0.374		1.374
0.376		0.37600000000179		0.376		1.376
0.378		0.378000000001789		0.378		1.378
0.38		0.380000000001788		0.38		1.38
0.382		0.382000000001787		0.382		1.382
0.384		0.384000000001787		0.384		1.384
0.386		0.386000000001786		0.386		1.386
0.388		0.388000000001785		0.388		1.388
0.39		0.390000000001784		0.39		1.39
0.392		0.392000000001783		0.392		1.392
0.394		0.394000000001782		0.394		1.394
0.396		0.396000000001781		0.396		1.396
0.398		0.39800000000178		0.398		1.398
0.4		0.400000000001779		0.4		1.4
0.402		0.402000000001778		0.402		1.402
0.404		0.404000000001777		0.404		1.404
0.406		0.406000000001777		0.406		1.406
0.408		0.408000000001776		0.408		1.408
0.41		0.410000000001775		0.41		1.41
0.412		0.412000000001774		0.412		1.412
0.414		0.414000000001773		0.414		1.414
0.416		0.416000000001772		0.416		1.416
0.418		0.418000000001771		0.418		1.418
0.42		0.42000000000177		0.42		1.42
0.422		0.422000000001769		0.422		1.422
0.424		0.424000000001768		0.424		1.424
0.426		0.426000000001767		0.426		1.426
0.428		0.428000000001766		0.428		1.428
0.43		0.430000000001766		0.43		1.43
0.432		0.432000000001765		0.432		1.432
0.434		0.434000000001764		0.434		1.434
0.436		0.436000000001763		0.436		1.436
0.438		0.438000000001762		0.438		1.438
0.44		0.440000000001761		0.44		1.44
0.442		0.44200000000176		0.442		1.442
0.444		0.444000000001759		0.444		1.444
0.446		0.446000000001758		0.446		1.446
0.448		0.448000000001757		0.448		1.448
0.45		0.450000000001756		0.45		1.45
0.452		0.452000000001754		0.452		1.452
0.454		0.454000000001753		0.454		1.454
0.456		0.456000000001752		0.456		1.456
0.458		0.45800000000175		0.458		1.458
0.46		0.460000000001749		0.46		1.46
0.462		0.462000000001747		0.462		1.462
0.464		0.464000000001746		0.464		1.464
0.466		0.466000000001745		0.466		1.466
0.468		0.468000000001743		0.468		1.468
0.47		0.470000000001742		0.47		1.47
0.472		0.47200000000174		0.472		1.472
0.474		0.474000000001739		0.474		1.474
0.476		0.476000000001738		0.476		1.476
0.478		0.478000000001736		0.478		1.478
0.48		0.480000000001735		0.48		1.48
0.482		0.482000000001734		0.482		1.482
0.484		0.484000000001732		0.484		1.484
0.486		0.486000000001731		0.486		1.486
0.488		0.488000000001729		0.488		1.488
0.49		0.490000000001728		0.49		1.49
0.492		0.492000000001726		0.492		1.492
0.494		0.494000000001725		0.494		1.494
0.496		0.496000000001723		0.496		1.496
0.498		0.498000000001722		0.498		1.498
0.5		0.50000000000172		0.5		1.5
0.502		0.502000000001719		0.502		1.502
0.504		0.504000000001717		0.504		1.504
0.506		0.506000000001715		0.506		1.506
0.508		0.508000000001714		0.508		1.508
0.51		0.510000000001712		0.51		1.51
0.512		0.51200000000171		0.512		1.512
0.514		0.514000000001708		0.514		1.514
0.516		0.516000000001707		0.516		1.516
0.518		0.518000000001705		0.518		1.518
0.52		0.520000000001703		0.52		1.52
0.522		0.522000000001701		0.522		1.522
0.524		0.524000000001699		0.524		1.524
0.526		0.526000000001698		0.526		1.526
0.528		0.528000000001696		0.528		1.528
0.53		0.530000000001694		0.53		1.53
0.532		0.532000000001692		0.532		1.532
0.534		0.534000000001691		0.534		1.534
0.536		0.536000000001689		0.536		1.536
0.538		0.538000000001687		0.538		1.538
0.54		0.540000000001686		0.54		1.54
0.542		0.542000000001684		0.542		1.542
0.544		0.544000000001682		0.544		1.544
0.546		0.54600000000168		0.546		1.546
0.548		0.548000000001679		0.548		1.548
0.55		0.550000000001677		0.55		1.55
0.552		0.552000000001675		0.552		1.552
0.554		0.554000000001673		0.554		1.554
0.556		0.556000000001671		0.556		1.556
0.558		0.55800000000167		0.558		1.558
0.56		0.560000000001668		0.56		1.56
0.562		0.562000000001666		0.562		1.562
0.564		0.564000000001664		0.564		1.564
0.566		0.566000000001662		0.566		1.566
0.568		0.56800000000166		0.568		1.568
0.57		0.570000000001658		0.57		1.57
0.572		0.572000000001656		0.572		1.572
0.574		0.574000000001653		0.574		1.574
0.576		0.576000000001651		0.576		1.576
0.578		0.578000000001649		0.578		1.578
0.58		0.580000000001646		0.58		1.58
0.582		0.582000000001644		0.582		1.582
0.584		0.584000000001641		0.584		1.584
0.586		0.586000000001639		0.586		1.586
0.588		0.588000000001636		0.588		1.588
0.59		0.590000000001634		0.59		1.59
0.592		0.592000000001631		0.592		1.592
0.594		0.594000000001629		0.594		1.594
0.596		0.596000000001626		0.596		1.596
0.598		0.598000000001624		0.598		1.598
0.6		0.600000000001621		0.6		1.6
0.602		0.602000000001619		0.602		1.602
0.604		0.604000000001616		0.604		1.604
0.606		0.606000000001613		0.606		1.606
0.608		0.608000000001611		0.608		1.608
0.61		0.610000000001608		0.61		1.61
0.612		0.612000000001606		0.612		1.612
0.614		0.614000000001603		0.614		1.614
0.616		0.616000000001601		0.616		1.616
0.618		0.618000000001598		0.618		1.618
0.62		0.620000000001596		0.62		1.62
0.622		0.622000000001593		0.622		1.622
0.624		0.624000000001591		0.624		1.624
0.626		0.626000000001588		0.626		1.626
0.628		0.628000000001586		0.628		1.628
0.63		0.630000000001583		0.63		1.63
0.632		0.63200000000158		0.632		1.632
0.634		0.634000000001578		0.634		1.634
0.636		0.636000000001575		0.636		1.636
0.638		0.638000000001572		0.638		1.638
0.64		0.640000000001569		0.64		1.64
0.642		0.642000000001566		0.642		1.642
0.644		0.644000000001563		0.644		1.644
0.646		0.64600000000156		0.646		1.646
0.648		0.648000000001558		0.648		1.648
0.65		0.650000000001555		0.65		1.65
0.652		0.652000000001552		0.652		1.652
0.654		0.654000000001549		0.654		1.654
0.656		0.656000000001546		0.656		1.656
0.658		0.658000000001543		0.658		1.658
0.66		0.66000000000154		0.66		1.66
0.662		0.662000000001537		0.662		1.662
0.664		0.664000000001534		0.664		1.664
0.666		0.666000000001531		0.666		1.666
0.668		0.668000000001528		0.668		1.668
0.67		0.670000000001525		0.67		1.67
0.672		0.672000000001522		0.672		1.672
0.674		0.674000000001518		0.674		1.674
0.676		0.676000000001515		0.676		1.676
0.678		0.678000000001511		0.678		1.678
0.68		0.680000000001508		0.68		1.68
0.682		0.682000000001504		0.682		1.682
0.684		0.6840000000015		0.684		1.684
0.686		0.686000000001496		0.686		1.686
0.688		0.688000000001493		0.688		1.688
0.69		0.690000000001489		0.69		1.69
0.692		0.692000000001485		0.692		1.692
0.694		0.694000000001482		0.694		1.694
0.696		0.696000000001478		0.696		1.696
0.698		0.698000000001474		0.698		1.698
0.7		0.70000000000147		0.7		1.7
0.702		0.702000000001467		0.702		1.702
0.704		0.704000000001463		0.704		1.704
0.706		0.706000000001459		0.706		1.706
0.708		0.708000000001455		0.708		1.708
0.71		0.71000000000145		0.71		1.71
0.712		0.712000000001446		0.712		1.712
0.714		0.714000000001442		0.714		1.714
0.716		0.716000000001438		0.716		1.716
0.718		0.718000000001434		0.718		1.718
0.72		0.720000000001429		0.72		1.72
0.722		0.722000000001425		0.722		1.722
0.724		0.724000000001421		0.724		1.724
0.726		0.726000000001417		0.726		1.726
0.728		0.728000000001413		0.728		1.728
0.73		0.730000000001409		0.73		1.73
0.732		0.732000000001404		0.732		1.732
0.734		0.7340000000014		0.734		1.734
0.736		0.736000000001396		0.736		1.736
0.738		0.738000000001392		0.738		1.738
0.74		0.740000000001387		0.74		1.74
0.742		0.742000000001383		0.742		1.742
0.744		0.744000000001379		0.744		1.744
0.746		0.746000000001374		0.746		1.746
0.748		0.74800000000137		0.748		1.748
0.75		0.750000000001365		0.75		1.75
0.752		0.75200000000136		0.752		1.752
0.754		0.754000000001356		0.754		1.754
0.756		0.756000000001351		0.756		1.756
0.758		0.758000000001347		0.758		1.758
0.76		0.760000000001342		0.76		1.76
0.762		0.762000000001337		0.762		1.762
0.764		0.764000000001333		0.764		1.764
0.766		0.766000000001328		0.766		1.766
0.768		0.768000000001323		0.768		1.768
0.77		0.770000000001319		0.77		1.77
0.772		0.772000000001314		0.772		1.772
0.774		0.774000000001309		0.774		1.774
0.776		0.776000000001304		0.776		1.776
0.778		0.778000000001299		0.778		1.778
0.78		0.780000000001294		0.78		1.78
0.782		0.782000000001288		0.782		1.782
0.784		0.784000000001283		0.784		1.784
0.786		0.786000000001278		0.786		1.786
0.788		0.788000000001272		0.788		1.788
0.79		0.790000000001267		0.79		1.79
0.792		0.792000000001261		0.792		1.792
0.794		0.794000000001255		0.794		1.794
0.796		0.79600000000125		0.796		1.796
0.798		0.798000000001244		0.798		1.798
0.8		0.800000000001238		0.8		1.8
0.802		0.802000000001232		0.802		1.802
0.804		0.804000000001226		0.804		1.804
0.806		0.80600000000122		0.806		1.806
0.808		0.808000000001214		0.808		1.808
0.81		0.810000000001208		0.81		1.81
0.812		0.812000000001202		0.812		1.812
0.814		0.814000000001196		0.814		1.814
0.816		0.81600000000119		0.816		1.816
0.818		0.818000000001183		0.818		1.818
0.82		0.820000000001177		0.82		1.82
0.822		0.822000000001171		0.822		1.822
0.824		0.824000000001164		0.824		1.824
0.826		0.826000000001158		0.826		1.826
0.828		0.828000000001151		0.828		1.828
0.83		0.830000000001145		0.83		1.83
0.832		0.832000000001138		0.832		1.832
0.834		0.834000000001132		0.834		1.834
0.836		0.836000000001125		0.836		1.836
0.838		0.838000000001118		0.838		1.838
0.84		0.840000000001112		0.84		1.84
0.842		0.842000000001105		0.842		1.842
0.844		0.844000000001098		0.844		1.844
0.846		0.846000000001092		0.846		1.846
0.848		0.848000000001085		0.848		1.848
0.85		0.850000000001078		0.85		1.85
0.852		0.852000000001071		0.852		1.852
0.854		0.854000000001064		0.854		1.854
0.856		0.856000000001057		0.856		1.856
0.858		0.85800000000105		0.858		1.858
0.86		0.860000000001043		0.86		1.86
0.862		0.862000000001035		0.862		1.862
0.864		0.864000000001028		0.864		1.864
0.866		0.866000000001021		0.866		1.866
0.868		0.868000000001014		0.868		1.868
0.87		0.870000000001006		0.87		1.87
0.872		0.872000000000999		0.872		1.872
0.874		0.874000000000991		0.874		1.874
0.876		0.876000000000983		0.876		1.876
0.878		0.878000000000975		0.878		1.878
0.88		0.880000000000967		0.88		1.88
0.882		0.882000000000959		0.882		1.882
0.884		0.884000000000951		0.884		1.884
0.886		0.886000000000943		0.886		1.886
0.888		0.888000000000935		0.888		1.888
0.89		0.890000000000927		0.89		1.89
0.892		0.892000000000919		0.892		1.892
0.894		0.89400000000091		0.894		1.894
0.896		0.896000000000902		0.896		1.896
0.898		0.898000000000893		0.898		1.898
0.9		0.900000000000885		0.9		1.9
0.902		0.902000000000877		0.902		1.902
0.904		0.904000000000868		0.904		1.904
0.906		0.906000000000859		0.906		1.906
0.908		0.90800000000085		0.908		1.908
0.91		0.910000000000842		0.91		1.91
0.912		0.912000000000833		0.912		1.912
0.914		0.914000000000823		0.914		1.914
0.916		0.916000000000814		0.916		1.916
0.918		0.918000000000804		0.918		1.918
0.92		0.920000000000795		0.92		1.92
0.922		0.922000000000785		0.922		1.922
0.924		0.924000000000775		0.924		1.924
0.926		0.926000000000765		0.926		1.926
0.928		0.928000000000755		0.928		1.928
0.93		0.930000000000745		0.93		1.93
0.932		0.932000000000734		0.932		1.932
0.934		0.934000000000723		0.934		1.934
0.936		0.936000000000712		0.936		1.936
0.938		0.938000000000701		0.938		1.938
0.94		0.940000000000689		0.94		1.94
0.942		0.942000000000678		0.942		1.942
0.944		0.944000000000666		0.944		1.944
0.946		0.946000000000654		0.946		1.946
0.948		0.948000000000641		0.948		1.948
0.95		0.950000000000628		0.95		1.95
0.952		0.952000000000615		0.952		1.952
0.954		0.954000000000602		0.954		1.954
0.956		0.956000000000588		0.956		1.956
0.958		0.958000000000574		0.958		1.958
0.96		0.960000000000559		0.96		1.96
0.962		0.962000000000544		0.962		1.962
0.964		0.964000000000528		0.964		1.964
0.966		0.966000000000512		0.966		1.966
0.968		0.968000000000495		0.968		1.968
0.97		0.970000000000478		0.97		1.97
0.972		0.97200000000046		0.972		1.972
0.974		0.974000000000442		0.974		1.974
0.976		0.976000000000422		0.976		1.976
0.978		0.978000000000402		0.978		1.978
0.98		0.980000000000381		0.98		1.98
0.982		0.98200000000036		0.982		1.982
0.984		0.984000000000336		0.984		1.984
0.986		0.986000000000312		0.986		1.986
0.988		0.988000000000286		0.988		1.988
0.99		0.990000000000257		0.99		1.99
0.992		0.992000000000225		0.992		1.992
0.994		0.994000000000189		0.994		1.994
0.996		0.996000000000146		0.996		1.996
0.998		0.998000000000092		0.998		1.998
1		1		1		2
